timeStep pedestrianId speedInAreaUsingAgentVelocity-PID6 sk-PID7 kNearestNeighbors-PID7
1 1 -1.0 N/A N/A
1 2 -1.0 N/A N/A
1 3 -1.0 N/A N/A
1 4 -1.0 N/A N/A
1 5 -1.0 N/A N/A
1 6 -1.0 N/A N/A
1 7 -1.0 N/A N/A
1 8 -1.0 N/A N/A
1 9 -1.0 N/A N/A
1 10 -1.0 N/A N/A
1 11 -1.0 N/A N/A
1 12 -1.0 N/A N/A
1 13 0.0 6.97143983654531 2.6975420229818674 0.517763204675691 3.732919584909741 0.09908930843834174 -4.128806048696653 0.8714313436969574 4.310426046435786 0.37944832747662005 6.184702718372712 -0.23053998091749772 -7.172000689629568 0.09218625640627387 -7.456542755519102 0.4042123560676929 -8.713793211298515 -0.06985478398625045 -9.364774346248769 -0.264238221909868 -15.773378027915685 0.21645383817270325
1 14 -1.0 N/A N/A
1 15 -1.0 N/A N/A
2 1 -1.0 N/A N/A
2 2 -1.0 N/A N/A
2 3 -1.0 N/A N/A
2 4 -1.0 N/A N/A
2 5 -1.0 N/A N/A
2 6 -1.0 N/A N/A
2 7 -1.0 N/A N/A
2 8 -1.0 N/A N/A
2 9 -1.0 N/A N/A
2 10 -1.0 N/A N/A
2 11 -1.0 N/A N/A
2 12 -1.0 N/A N/A
2 13 0.0 6.97143983654531 2.6975420229818674 0.517763204675691 3.732919584909741 0.09908930843834174 -4.128806048696653 0.8714313436969574 4.310426046435786 0.37944832747662005 6.184702718372712 -0.23053998091749772 -7.172000689629568 0.09218625640627387 -7.456542755519102 0.4042123560676929 -8.713793211298515 -0.06985478398625045 -9.364774346248769 -0.264238221909868 -15.773378027915685 0.21645383817270325
2 14 -1.0 N/A N/A
2 15 -1.0 N/A N/A
3 1 -1.0 N/A N/A
3 2 -1.0 N/A N/A
3 3 -1.0 N/A N/A
3 4 -1.0 N/A N/A
3 5 -1.0 N/A N/A
3 6 -1.0 N/A N/A
3 7 -1.0 N/A N/A
3 8 -1.0 N/A N/A
3 9 -1.0 N/A N/A
3 10 -1.0 N/A N/A
3 11 -1.0 N/A N/A
3 12 -1.0 N/A N/A
3 13 1.488662661354696 7.014805709218772 2.2476203163834754 0.42740368966025155 3.678376388994014 -0.012771395168631905 4.354700297363472 0.30920547894566575 -4.469063801145598 0.3521094947055481 6.037408114774625 -0.05031795547477014 -7.407414076786047 -0.24531974000803647 -7.578771715192062 0.3581175037574367 -8.79440834928344 0.34071748221761755 -9.522490030965873 -0.14333915798065622 -15.971619409903012 0.14621098964174895
3 14 -1.0 N/A N/A
3 15 1.131936901098979 6.570926808978132 -2.938350275640449 -0.5974292347135846 -3.1097079140464636 0.006008009051888585 -4.325344548137842 -0.011392012487930536 4.469063801145598 -0.3521094947055481 -5.053426229820275 -0.4954486526862043 6.7166841175290735 0.07529419495470346 8.147440190139612 -0.36488088987418 8.82376409850907 -0.04290401575988234 10.506471915920223 -0.4024274501803182 -11.502555608757413 -0.20589850506379914
4 1 -1.0 N/A N/A
4 2 -1.0 N/A N/A
4 3 -1.0 N/A N/A
4 4 -1.0 N/A N/A
4 5 -1.0 N/A N/A
4 6 -1.0 N/A N/A
4 7 -1.0 N/A N/A
4 8 -1.0 N/A N/A
4 9 -1.0 N/A N/A
4 10 -1.0 N/A N/A
4 11 -1.0 N/A N/A
4 12 -1.0 N/A N/A
4 13 1.4886626613546898 7.234605010715302 2.217587874374761 0.34528848573139026 3.6889874981105706 0.06480516322950791 4.39963380164507 0.38678203734380556 -4.644523818047244 0.40739634345480713 6.015933020802848 0.02725860292336968 -7.629834857007822 0.38100877429312163 -8.229275673505345 -0.16774318160989665 -8.96993750641116 0.49943378958206175 -9.666006587333413 -0.2012216148353394 -16.793481006622308 0.22378754803988876
4 14 -1.0 N/A N/A
4 15 1.1109971366488447 6.772770648427406 -2.985311038960578 -0.026387569161685498 -3.5847518554581015 -0.5751395250647038 -4.325413688363916 0.09203744612725462 4.644523818047244 -0.40739634345480713 -5.02148276928617 -0.6086179582901465 6.862111692422005 -0.06210785772341687 8.333511316157814 -0.3425911802252992 9.044157619692314 -0.020614306111001568 10.660456838850092 -0.38013774053143745 -12.148957188575066 -0.18360879541491837
5 1 -1.0 N/A N/A
5 2 -1.0 N/A N/A
5 3 -1.0 N/A N/A
5 4 -1.0 N/A N/A
5 5 -1.0 N/A N/A
5 6 -1.0 N/A N/A
5 7 -1.0 N/A N/A
5 8 -1.0 N/A N/A
5 9 -1.0 N/A N/A
5 10 -1.0 N/A N/A
5 11 -1.0 N/A N/A
5 12 -1.0 N/A N/A
5 13 -1.0 N/A N/A
5 14 -1.0 N/A N/A
5 15 1.172159040464411 6.695212841535867 -2.9501736297657004 0.15016987922617275 -3.6288541787679094 -0.3614299598361681 -4.512434268519229 0.1418672919773183 4.774343258515248 -0.03252100528681101 -5.051757323746628 -0.5293778156502782 6.876578614748411 0.1167359100107408 7.668356834952434 -0.19018172805813904 9.24579823948783 0.1317951460561586 9.99530235764471 -0.22772828836427728 -12.189832201694562 -0.031199343247758193
6 1 -1.0 N/A N/A
6 2 -1.0 N/A N/A
6 3 -1.0 N/A N/A
6 4 -1.0 N/A N/A
6 5 -1.0 N/A N/A
6 6 -1.0 N/A N/A
6 7 -1.0 N/A N/A
6 8 -1.0 N/A N/A
6 9 -1.0 N/A N/A
6 10 -1.0 N/A N/A
6 11 -1.0 N/A N/A
6 12 -1.0 N/A N/A
6 13 -1.0 N/A N/A
6 14 -1.0 N/A N/A
6 15 1.172159040464411 6.932068819223711 -2.9501736297657004 0.15016987922617275 -3.6288541787679094 -0.3614299598361681 -4.512434268519229 0.1418672919773183 4.774343258515248 -0.03252100528681101 -5.051757323746628 -0.5293778156502782 6.876578614748411 0.1167359100107408 8.46463869079723 -0.31078246720320735 10.087808839582696 0.17470198010364513 10.723771996410434 -0.10070811653019707 -12.189832201694562 -0.031199343247758193
7 1 -1.0 N/A N/A
7 3 -1.0 N/A N/A
7 4 -1.0 N/A N/A
7 5 -1.0 N/A N/A
7 6 -1.0 N/A N/A
7 7 -1.0 N/A N/A
7 8 -1.0 N/A N/A
7 9 -1.0 N/A N/A
7 10 -1.0 N/A N/A
7 11 -1.0 N/A N/A
7 12 -1.0 N/A N/A
7 13 -1.0 N/A N/A
7 14 -1.0 N/A N/A
7 15 1.2251996729726784 7.0507653043397855 -2.890708459467639 0.15016987922617275 -3.809939090142194 -0.47000489726540806 -4.432054629566917 0.33490265820326837 4.8865873022386985 -0.03252100528681101 -5.244354906676419 -0.4334665368310757 6.884633517536905 0.15060048010885474 7.751367982032939 -0.31078246720320735 9.374538130818404 0.17470198010364513 -12.27882344237297 -0.031199343247758193 -12.880111818543401 0.20212122764384688
8 1 1.3565650148639 6.919855996016511 -1.5049654740858465 0.07304618630675286 -1.6919665097369077 -0.6201747764915808 2.831243289169578 -0.15016987922617275 -2.821902061646316 -0.41957224233313983 7.8300746351317265 -0.18269088451298376 9.734649060762852 -0.02481225990423752 -10.160850861967683 -0.18136922247393095 -10.367063368707209 0.44702721784857946 10.700982854925194 -0.49812630651821976 -11.3740572230217 -0.4513275027086463
8 3 -1.0 N/A N/A
8 4 -1.0 N/A N/A
8 5 -1.0 N/A N/A
8 6 -1.0 N/A N/A
8 7 -1.0 N/A N/A
8 8 -1.0 N/A N/A
8 9 -1.0 N/A N/A
8 10 -1.0 N/A N/A
8 11 -1.0 N/A N/A
8 12 -1.0 N/A N/A
8 13 -1.0 N/A N/A
8 14 -1.0 N/A N/A
8 15 1.2251996729726784 7.257187751021286 -2.831243289169578 0.15016987922617275 -4.336208763255424 0.2232160655329256 -4.5232097989064854 -0.47000489726540806 4.998831345962149 -0.03252100528681101 -5.653145350815894 -0.2694023631069671 6.903405771593274 0.12535761932193523 7.869739565755616 -0.347956427292047 9.201224329505798 -0.16638530267293206 -12.99209415113726 -0.031199343247758193 -13.198306657876786 0.5971970970747522
9 1 1.3565650148639 6.822477136966623 -0.6887001987268633 0.015096384103710392 -1.1380381086344755 -0.6708205420042042 -2.3202229588668786 -0.5095339073115932 2.831243289169578 -0.15016987922617275 8.65472913150801 -0.22036804180069325 -9.536571393881799 -0.18136922247393095 9.734649060762852 -0.02481225990423752 -10.367063368707209 0.44702721784857946 -11.31375809032145 0.06062532937135234 -11.3740572230217 -0.4513275027086463
9 3 -1.0 N/A N/A
9 4 -1.0 N/A N/A
9 5 -1.0 N/A N/A
9 6 -1.0 N/A N/A
9 7 -1.0 N/A N/A
9 8 -1.0 N/A N/A
9 10 -1.0 N/A N/A
9 11 -1.0 N/A N/A
9 12 -1.0 N/A N/A
9 13 -1.0 N/A N/A
9 14 -1.0 N/A N/A
9 15 1.2251996729726784 7.666991814060957 -2.831243289169578 0.15016987922617275 -3.519943487896441 0.16526626332988315 -3.9692813978040533 -0.5206506627780314 -5.151466248036456 -0.35936402808542045 5.823485842338432 -0.0701981625745205 6.903405771593274 0.12535761932193523 8.686864005776343 -0.18883868635006884 -12.367814683051376 -0.031199343247758193 -13.198306657876786 0.5971970970747522 -14.145001379491028 0.2107952085975251
10 1 1.3565650148639 7.000156670541908 -1.461436077789216 0.015096384103710392 -1.9107739876968282 -0.6708205420042042 2.7717781188715165 -0.15016987922617275 -3.092958837929231 -0.5095339073115932 7.881993252445657 -0.22036804180069325 9.763967766666397 -0.12074615349748896 -10.309307272944151 -0.18136922247393095 -10.424661686137785 0.27446582769522543 10.745371415883568 -0.3390085655762416 -11.454297312915326 -0.4899808083672541
10 3 -1.0 N/A N/A
10 4 -1.0 N/A N/A
10 5 -1.0 N/A N/A
10 6 -1.0 N/A N/A
10 7 -1.0 N/A N/A
10 8 -1.0 N/A N/A
10 10 -1.0 N/A N/A
10 11 -1.0 N/A N/A
10 12 -1.0 N/A N/A
10 13 -1.0 N/A N/A
10 14 -1.0 N/A N/A
10 15 1.2251996729726784 7.819273130539996 -2.7717781188715165 0.15016987922617275 -4.233214196660732 0.16526626332988315 -4.682552106568345 -0.5206506627780314 5.11021513357414 -0.0701981625745205 -5.864736956800748 -0.35936402808542045 6.992189647794881 0.02942372572868379 7.9735932970120516 -0.18883868635006884 -13.081085391815668 -0.031199343247758193 -13.196439805009302 0.4246357069213982 -14.226075431786843 -0.33981092914108135
11 1 1.3565650148639 7.073512546106433 -1.4605971003700304 -0.31643569724552023 -2.2391071292480156 -0.24285688636325364 2.712312948573455 -0.15016987922617275 -3.498167715559269 0.02978871394046667 7.934772125871046 -0.22036804180069325 9.7090586953334 -0.421814569573586 -10.416135990996095 0.1562705524150214 -10.479349790666099 -0.32230484460130526 10.701049154427587 -0.026831300887797838 -11.50378000994133 -0.5058965977461476
11 3 -1.0 N/A N/A
11 4 -1.0 N/A N/A
11 5 1.5566508770261158 6.777161345246176 -0.7785100288779851 0.07357881088226659 1.4605971003700304 0.31643569724552023 -2.0375706151892388 0.3462244111859869 4.172910048943486 0.16626581801934748 -8.955538890626064 0.47270624966054164 -9.018752690296068 -0.0058691473557850316 9.395369226241076 0.09606765544482698 -10.0431829095713 -0.18946090050062736 -10.643945309734569 0.47213276000521276 11.16965579570343 -0.10537887232806575
11 6 -1.0 N/A N/A
11 7 -1.0 N/A N/A
11 8 -1.0 N/A N/A
11 10 -1.0 N/A N/A
11 11 -1.0 N/A N/A
11 12 -1.0 N/A N/A
11 13 -1.0 N/A N/A
11 14 -1.0 N/A N/A
11 15 1.2251996729726784 7.8818052679917034 -2.712312948573455 0.15016987922617275 -4.172910048943486 -0.16626581801934748 -4.951420077821471 -0.09268700713708089 5.222459177297591 -0.0701981625745205 -6.210480664132724 0.17995859316663942 6.996745746759945 -0.27164469034741323 7.988736205854131 0.12333857833837492 -13.12844893956955 0.30644043164119417 -13.191662739239554 -0.1721349653751325 -14.216092958514785 -0.35572671851997484
12 1 1.2301177354504327 7.324060137482715 -1.6083355218549045 -0.40279839480789903 2.0120210581731968 -0.12602188300547468 -2.939399019648274 -0.21870889014255557 -3.560801956369261 0.011287077579393845 8.059994987958529 -0.19622004557999517 9.008766804933142 -0.3976665733528879 -10.332498576906868 0.13369880890030927 -11.179641681066357 -0.2981568483806072 -12.204071900341589 -0.4817486015254495 -12.247179719301066 0.12385476301072007
12 3 -1.0 N/A N/A
12 4 -1.0 N/A N/A
12 5 1.0422307870091274 6.847662034742001 -1.3310634977933695 0.18408950466534346 1.6083355218549045 0.40279839480789903 -1.9524664345143563 0.4140854723872929 3.6203565800281012 0.27677651180242435 -8.724163055051964 0.5364972037082083 -9.571306159211453 0.10464154642729184 9.668330509813433 0.20657834922790386 -10.595736378486684 -0.07895020671755049 10.617102326788046 0.005131821455011121 -10.638844197446161 0.5266531578186191
12 6 -1.0 N/A N/A
12 7 -1.0 N/A N/A
12 8 -1.0 N/A N/A
12 10 -1.0 N/A N/A
12 11 -1.0 N/A N/A
12 12 -1.0 N/A N/A
12 13 -1.0 N/A N/A
12 15 1.2251996729726784 8.324605515663126 -2.0120210581731968 0.12602188300547468 -3.6203565800281012 -0.27677651180242435 -4.951420077821471 -0.09268700713708089 -5.5728230145424575 0.13730896058486852 6.047973929785332 -0.0701981625745205 6.996745746759945 -0.27164469034741323 -12.344519635080065 0.25972069190578395 -13.191662739239554 -0.1721349653751325 -14.216092958514785 -0.35572671851997484 -14.259200777474263 0.24987664601619475
13 1 1.2301177354504327 7.082319737419013 -0.7242499715902895 -0.40279839480789903 -2.3297227205217474 -0.09740290816970454 2.725291766937488 -0.12602188300547468 -3.0146848268854356 -0.3754938218067867 8.059994987958529 -0.19622004557999517 9.715566906966881 -0.0947522439098556 -10.332498576906868 0.13369880890030927 -10.623499049600392 -0.4509846738241672 -11.453353122524035 -0.4817486015254495 -11.687877751499865 0.08787068328020986
13 3 -1.0 N/A N/A
13 4 -1.0 N/A N/A
13 5 1.6351861909620633 6.867182242546785 0.7242499715902895 0.40279839480789903 -1.605472748931458 0.3053954866381945 -2.290434855295146 0.02730457300111233 3.4495417385277776 0.27677651180242435 8.784244959548818 0.20657834922790386 -9.608248605316579 0.5364972037082083 -9.899249078010103 -0.04818627901626815 10.43981687855717 0.30804615089804344 -10.729103150933746 -0.07895020671755049 -10.963627779909576 0.4906690780881089
13 6 -1.0 N/A N/A
13 7 -1.0 N/A N/A
13 8 -1.0 N/A N/A
13 10 -1.0 N/A N/A
13 11 -1.0 N/A N/A
13 12 -1.0 N/A N/A
13 13 -1.0 N/A N/A
13 15 1.2251996729726784 8.432581432789457 -2.725291766937488 0.12602188300547468 -3.4495417385277776 -0.27677651180242435 -5.0550144874592355 0.02861897483577014 5.334703221021041 -0.0701981625745205 -5.739976593822924 -0.24947193880131202 6.990275140029393 0.031269639095619084 -13.057790343844356 0.25972069190578395 -13.34879081653788 -0.3249627908186925 -14.178644889461523 -0.35572671851997484 -14.413169518437353 0.21389256628568454
14 1 1.3565650148639 7.910665602214387 -1.4969858506526421 -0.40279839480789903 2.665826596639427 -0.12602188300547468 -3.1024585995841 -0.09740290816970454 -3.7874207059477882 -0.3754938218067867 8.112773861383918 -0.19622004557999517 -10.326720938542259 0.038731965296134874 -11.396234928662745 -0.4509846738241672 -12.226089001586388 -0.4817486015254495 -12.460613630562218 0.08787068328020986 -13.429189678844232 -0.36138500167358156
14 3 -1.0 N/A N/A
14 5 1.6351861909620633 7.163547723232125 1.4969858506526421 0.40279839480789903 -1.605472748931458 0.3053954866381945 -2.290434855295146 0.02730457300111233 4.162812447292069 0.27677651180242435 -8.829735087889617 0.4415303601040339 9.60975971203656 0.20657834922790386 -9.899249078010103 -0.04818627901626815 -10.729103150933746 -0.07895020671755049 -10.963627779909576 0.4906690780881089 -11.93220382819159 0.04141339313431747
14 6 -1.0 N/A N/A
14 7 -1.0 N/A N/A
14 8 -1.0 N/A N/A
14 10 -1.0 N/A N/A
14 11 -1.0 N/A N/A
14 12 -1.0 N/A N/A
14 13 -1.0 N/A N/A
14 15 1.2251996729726784 9.769489153501347 -2.665826596639427 0.12602188300547468 -4.162812447292069 -0.27677651180242435 5.446947264744491 -0.0701981625745205 -5.768285196223527 0.02861897483577014 -6.453247302587215 -0.24947193880131202 -12.992547535181686 0.16475384830160955 -14.062061525302171 -0.3249627908186925 -14.891915598225815 -0.35572671851997484 -15.126440227201645 0.21389256628568454 -16.09501627548366 -0.23536311866810689
15 1 1.3565650148639 7.961291928668882 -1.4553385533253511 -0.3401599955772774 1.8930907175770741 -0.12602188300547468 -3.2301171474457355 -0.09740290816970454 -4.560156585010141 -0.3754938218067867 8.165552734809307 -0.19622004557999517 -10.309305078742799 0.038731965296134874 -11.544691339639213 -0.4509846738241672 -12.314040496886093 -0.5918160527068004 -12.533777501746748 0.19329973774626286 -13.515375292080314 -0.33771085457612404
15 3 -1.0 N/A N/A
15 5 1.510715053674936 7.233308512902805 1.4553385533253511 0.3401599955772774 -1.7747785941203844 0.24275708740757285 -3.1048180316847898 -0.03533382622950931 3.3484292709024253 0.2141381125718027 -8.853966525417448 0.37889196087341226 9.620891288134658 0.1439399499972822 -10.089352786313862 -0.1108246782468898 -10.858701943560742 -0.251656057129523 -11.078438948421397 0.5334597333235402 -12.060036738754963 0.002449141001153343
15 6 -1.0 N/A N/A
15 7 -1.0 N/A N/A
15 8 -1.0 N/A N/A
15 10 -1.0 N/A N/A
15 11 -1.0 N/A N/A
15 12 0.7852577944783575 6.699729610766063 -1.3300394375644053 -0.27809091363708216 1.7747785941203844 -0.24275708740757285 3.2301171474457355 0.09740290816970454 5.12320786502281 -0.02861897483577014 -7.079187931297064 0.1361348734658394 -8.314574192193477 -0.35358176565446264 -9.083923349440358 -0.49441314453709584 -9.303660354301012 0.2907026459159674 -10.285258144634579 -0.2403079464064195 11.395669882255042 -0.09881713741029063
15 13 -1.0 N/A N/A
15 15 1.2251996729726784 9.280706582876883 -1.8930907175770741 0.12602188300547468 -3.3484292709024253 -0.2141381125718027 -5.12320786502281 0.02861897483577014 6.2724620172322325 -0.0701981625745205 -6.453247302587215 -0.24947193880131202 -12.202395796319873 0.16475384830160955 -13.437782057216287 -0.3249627908186925 -14.207131214463168 -0.4657941697013257 -14.426868219323822 0.31932162075173753 -15.408466009657388 -0.21168897157064936
16 1 1.3565650148639 7.7981615202446415 -0.6461443039428012 -0.45128242270559493 2.6063614263413655 -0.12602188300547468 -3.2301171474457355 -0.09740290816970454 -4.053358690619202 -0.321355872342612 -10.309305078742799 0.038731965296134874 -11.544691339639213 -0.4509846738241672 -11.774956119551836 0.24604321131224172 -12.314040496886093 -0.5918160527068004 -13.515375292080314 -0.33771085457612404
16 3 -1.0 N/A N/A
16 5 1.510715053674955 7.370876004060473 0.6461443039428012 0.45128242270559493 -2.5839728435029343 0.3538795145358904 3.2525057302841667 0.32526053970012025 -3.407214386676401 0.12992655036298295 -9.663160774799998 0.4900143880017298 -10.898547035696412 2.977488814277507E-4 -11.128811815609035 0.6973256340178366 -11.667896192943292 -0.14053363000120545 -12.869230988137513 0.11357156812947089
16 6 -1.0 N/A N/A
16 7 -1.0 N/A N/A
16 8 -1.0 N/A N/A
16 10 -1.0 N/A N/A
16 11 -1.0 N/A N/A
16 12 0.7852577944783575 6.2076826249812465 -0.8232415431734665 -0.22395296417290744 2.5839728435029343 -0.3538795145358904 3.2301171474457355 0.09740290816970454 5.836478573787101 -0.02861897483577014 -7.079187931297064 0.1361348734658394 -8.314574192193477 -0.35358176565446264 -8.5448389721061 0.34344611948194625 -9.083923349440358 -0.49441314453709584 -10.285258144634579 -0.2403079464064195
16 15 -1.0 N/A N/A
17 1 1.3565650148639 7.897138889313725 -0.5369876502121471 -0.38905043100816794 2.546896256043304 -0.12602188300547468 -3.357775695307371 -0.09740290816970454 -4.194976682452342 -0.15511749231157168 -10.29188921894334 0.038731965296134874 -11.693147750615681 -0.4509846738241672 -11.815839676196203 0.16914495813741048 -12.854820106158233 -0.5800649029969724 -13.625235052413856 -0.05362108940663379
17 3 -1.0 N/A N/A
17 5 1.6351861909620695 7.542733495160612 0.5369876502121471 0.38905043100816794 -2.820788045095224 0.2916475228384634 3.0838839062554513 0.26302854800269326 -3.657989032240195 0.23393293869659626 -9.754901568731192 0.4277823963043028 -11.156160100403534 -0.06193424281599924 -11.278852025984056 0.5581953891455784 -12.317832455946085 -0.1910144719888045 -13.08824740220171 0.33542934160153415
17 6 -1.0 N/A N/A
17 7 1.21255491412857 6.086361643525837 0.8372009871449713 0.05771458414186714 3.657989032240195 -0.23393293869659626 4.194976682452342 0.15511749231157168 -6.096912536490997 0.19384945760770655 6.741872938495646 0.029095609306097003 -7.498171068163339 -0.2958671815125955 -7.620862993743861 0.32426245044898216 -8.65984342370589 -0.42494741068540076 -9.430258369961514 0.10149640290493789
17 8 -1.0 N/A N/A
17 10 -1.0 N/A N/A
17 11 -1.0 N/A N/A
17 12 0.7852577944783575 6.272930819234707 -0.8372009871449713 -0.05771458414186714 2.820788045095224 -0.2916475228384634 3.357775695307371 0.09740290816970454 5.904671951350675 -0.02861897483577014 -6.934113523635968 0.1361348734658394 -8.33537205530831 -0.35358176565446264 -8.458063980888832 0.266547866307115 -9.497044410850862 -0.4826619948272679 -10.267459357106485 0.043781818763070746
17 15 -1.0 N/A N/A
18 1 1.3565650148639 8.305120513313364 -1.3097235292744998 -0.38905043100816794 1.7741603769809515 -0.12602188300547468 -4.130511574369724 -0.09740290816970454 -4.967712561514695 -0.15511749231157168 -10.280367676760681 -0.05760114245230774 -12.465883629678034 -0.4509846738241672 -12.588575555258556 0.16914495813741048 -13.293175379736056 -0.4881370253455817 -13.852802270082309 0.06623906213339925
18 3 -1.0 N/A N/A
18 5 1.6351861909620695 7.435956306723376 1.3097235292744998 0.38905043100816794 -2.820788045095224 0.2916475228384634 3.0838839062554513 0.26302854800269326 -3.657989032240195 0.23393293869659626 -8.970644147486182 0.3314492885558602 -11.156160100403534 -0.06193424281599924 -11.278852025984056 0.5581953891455784 -11.983451850461556 -0.09908659433741374 -12.54307874080781 0.4552894931415672
18 6 -1.0 N/A N/A
18 7 1.21255491412857 5.98688896929795 0.8372009871449713 0.05771458414186714 3.657989032240195 -0.23393293869659626 4.967712561514695 0.15511749231157168 -5.312655115245986 0.09751634985926394 6.741872938495646 0.029095609306097003 -7.498171068163339 -0.2958671815125955 -7.620862993743861 0.32426245044898216 -8.32546281822136 -0.33301953303401 -8.885089708567614 0.22135655444497093
18 8 -1.0 N/A N/A
18 10 -1.0 N/A N/A
18 11 -1.0 N/A N/A
18 12 0.7852577944783575 6.173465456785205 -0.8372009871449713 -0.05771458414186714 2.820788045095224 -0.2916475228384634 4.130511574369724 0.09740290816970454 5.904671951350675 -0.02861897483577014 -6.149856102390958 0.0398017657173968 -8.33537205530831 -0.35358176565446264 -8.458063980888832 0.266547866307115 -9.162663805366332 -0.39073411717587714 -9.722290695712585 0.1636419703031038
18 15 -1.0 N/A N/A
19 1 1.3565650148639 8.040351286911054 -0.6395444218146906 -0.29569682104876627 2.487431085745243 -0.12602188300547468 -3.4854342431690064 -0.09740290816970454 -4.9493762784734585 -0.4092976185155113 -10.280367676760681 -0.05760114245230774 -11.85654264041248 -0.03754218626679151 -12.041339468940187 -0.6280192359062422 -13.217347709094721 0.12167904266663143 -13.293175379736056 -0.4881370253455817
19 3 -1.0 N/A N/A
19 5 1.2515173282267102 7.612275307490855 0.6395444218146906 0.29569682104876627 -2.845889821354316 0.19829391287906173 3.1269755075599335 0.1696749380432916 -4.309831856658768 -0.11360079746674501 -9.64082325494599 0.23809567859645853 -11.216998218597789 0.25815463478197476 -11.401795047125496 -0.33232241485747593 -12.57780328728003 0.4173758637153977 -12.653630957921365 -0.1924402042968154
19 6 -1.0 N/A N/A
19 7 0.47347097541555494 6.022316938064309 1.463942035304452 0.31189471034580674 4.309831856658768 0.11360079746674501 4.9493762784734585 0.4092976185155113 -5.330991398287223 0.35169647606320353 -6.907166361939021 0.37175543224871976 -7.091963190466728 -0.21872161739073093 7.436807364218701 0.2832757355100366 -8.267971430621262 0.5309766611821427 -8.343799101262597 -0.0788394068300704
19 8 -1.0 N/A N/A
19 10 -1.0 N/A N/A
19 11 -1.0 N/A N/A
19 12 0.7852577944783575 6.344214756692284 -1.463942035304452 -0.31189471034580674 2.845889821354316 -0.19829391287906173 3.4854342431690064 0.09740290816970454 5.972865328914249 -0.02861897483577014 -6.794933433591675 0.0398017657173968 -8.371108397243473 0.05986072190291303 -8.55590522577118 -0.5306163277365377 -9.731913465925714 0.21908195083633597 -9.80774113656705 -0.39073411717587714
19 15 -1.0 N/A N/A
20 1 -1.0 N/A N/A
20 3 -1.0 N/A N/A
20 5 1.5819356166935836 7.933611757057971 0.5613062000797093 0.366116725605103 2.989466983405187 0.25744779131111173 -3.696669054273354 0.28606676614688187 -4.474135986930548 -0.07266098732756276 -9.706416746538176 0.297555776555134 -11.30715844504021 0.3530331946668577 -12.252574280044534 -0.2445495615896558 -12.832088929596868 0.11818274334598211 -13.428582520199068 0.5051487169832178
20 6 -1.0 N/A N/A
20 7 1.2783735513698053 6.117950563805507 0.7774669326571946 0.35872775347444463 4.474135986930548 0.07266098732756276 5.035442187010258 0.43877771293266576 -5.232280759607628 0.37021676388269675 -6.833022458109662 0.42569418199442044 7.463602970335735 0.3301087786386745 -7.778438293113986 -0.17188857426209303 -8.35795294266632 0.19084373067354488 -8.95444653326852 0.5778097043107806
20 8 -1.0 N/A N/A
20 10 -1.0 N/A N/A
20 11 -1.0 N/A N/A
20 12 0.7852577944783575 6.285901075561091 -0.7774669326571946 -0.35872775347444463 3.696669054273354 -0.28606676614688187 4.257975254353063 0.08004995945822113 -6.009747692264822 0.01148901040825212 6.686136037678541 -0.02861897483577014 -7.6104893907668565 0.0669664285199758 -8.55590522577118 -0.5306163277365377 -9.135419875323514 -0.16788402280089976 -9.731913465925714 0.21908195083633597
20 15 -1.0 N/A N/A
21 1 -1.0 N/A N/A
21 3 -1.0 N/A N/A
21 5 -1.0 N/A N/A
21 6 -1.0 N/A N/A
21 7 1.187357484729506 6.293500131355109 0.7989607225953428 0.21883552242935256 4.5346307049118195 -0.21477412675350038 -5.069707822591893 0.30968297339309014 5.184594524810041 0.2988854818875737 -6.695953802846114 0.28580195094932836 7.5532901378374575 0.19021654759358242 -7.942243543175719 -0.2982566222030014 -8.981536483928888 0.0509514996284528 -9.81022038049276 0.26432089022716454
21 8 -1.0 N/A N/A
21 10 -1.0 N/A N/A
21 11 -1.0 N/A N/A
21 12 0.7852577944783575 6.471353437775765 -0.7989607225953428 -0.21883552242935256 3.7356699823164767 -0.43360964918285294 4.385633802214699 0.08004995945822113 -5.868668545187235 0.09084745096373759 6.754329415242115 -0.02861897483577014 -7.494914525441457 0.0669664285199758 -8.741204265771062 -0.517092144632354 -9.780497206524231 -0.16788402280089976 -10.609181103088103 0.04548536779781198
21 15 -1.0 N/A N/A
22 1 -1.0 N/A N/A
22 3 -1.0 N/A N/A
22 5 -1.0 N/A N/A
22 6 -1.0 N/A N/A
22 7 1.187357484729506 6.148222558088382 0.7989607225953428 0.21883552242935256 -4.284817711350694 0.3452606879343163 4.5346307049118195 -0.21477412675350038 5.957330403872394 0.2988854818875737 -6.695953802846114 0.28580195094932836 7.5532901378374575 0.19021654759358242 -7.942243543175719 -0.2982566222030014 -8.340230119797793 0.39182702492081933 -9.14734426176395 -0.01976887494232571
22 8 -1.0 N/A N/A
22 10 -1.0 N/A N/A
22 11 -1.0 N/A N/A
22 12 0.7852577944783575 6.325507089669488 -0.7989607225953428 -0.21883552242935256 3.7356699823164767 -0.43360964918285294 -5.083778433946037 0.12642516550496374 5.158369681277051 0.08004995945822113 6.754329415242115 -0.02861897483577014 -7.494914525441457 0.0669664285199758 -8.741204265771062 -0.517092144632354 -9.139190842393136 0.17299150249146678 -9.946304984359292 -0.23860439737167827
22 15 -1.0 N/A N/A
23 1 -1.0 N/A N/A
23 3 -1.0 N/A N/A
23 5 -1.0 N/A N/A
23 6 -1.0 N/A N/A
23 7 0.4918195735601696 6.275501604886563 1.2524528736976848 0.40151006392166266 -4.476402891449069 0.5279352294266264 5.149246972559073 0.09898341400843602 5.765745223774019 0.4815600233798838 -6.141200652660231 0.44434534150245586 -7.587584188698944 0.11852271982151574 8.074975666503374 0.3728910890858925 -8.531815299896168 0.5745015664131294 -9.338929441862325 0.1629056665499844
23 8 -1.0 N/A N/A
23 10 -1.0 N/A N/A
23 11 -1.0 N/A N/A
23 12 0.7852577944783575 6.545422488469019 -1.2524528736976848 -0.40151006392166266 3.8967940988613883 -0.30252664991322664 4.513292350076334 0.08004995945822113 -5.728855765146754 0.12642516550496374 6.822522792805689 -0.02861897483577014 -7.393653526357916 0.042835277580793196 -8.840037062396629 -0.2829873441001469 -9.784268173593853 0.17299150249146678 -10.59138231556001 -0.23860439737167827
23 15 -1.0 N/A N/A
24 1 -1.0 N/A N/A
24 3 -1.0 N/A N/A
24 5 -1.0 N/A N/A
24 6 -1.0 N/A N/A
24 7 1.2291797389534789 6.287774003706534 0.5979149917173281 0.30515074735539205 -4.340897641680733 0.44467630991780904 5.238961396354139 -0.011739827682720083 5.883943220856015 0.3852007068136132 -6.04794156474334 0.20873281710060354 8.133708493287308 0.2765317725196219 -8.2421220706793 0.02216340325524513 -8.49663354318437 0.5511581115285011 -9.47203456484765 -0.13266008349684988
24 8 -1.0 N/A N/A
24 10 -1.0 N/A N/A
24 11 -1.0 N/A N/A
24 12 0.7852577944783575 6.417206498540062 -0.5979149917173281 -0.30515074735539205 4.6410464046368105 -0.31689057503811213 -4.9388126333980615 0.139525562562417 5.286028229138687 0.08004995945822113 -6.645856556460668 -0.09641793025478851 7.53579350156998 -0.02861897483577014 -8.840037062396629 -0.2829873441001469 -9.094548534901698 0.2460073641731091 -10.069949556564978 -0.43781083085224193
24 15 -1.0 N/A N/A
25 1 -1.0 N/A N/A
25 3 -1.0 N/A N/A
25 5 -1.0 N/A N/A
25 6 -1.0 N/A N/A
25 7 0.770935108859816 6.176257527752973 0.8322685542650881 0.24609634433285787 -3.9874644959833674 0.40567900251313027 5.488931871516559 0.0752812592213905 -5.6980131368701805 0.14967841407806937 6.24595533126541 0.326146303791079 7.722984724634351 0.21747736949708774 -8.028566371246374 -0.036890999767289046 -8.163703799388818 0.5948565030707869 -9.324612241087536 -0.18476719803861297
25 8 -1.0 N/A N/A
25 10 -1.0 N/A N/A
25 11 -1.0 N/A N/A
25 12 0.7852577944783575 6.3578006864940955 -0.8322685542650881 -0.24609634433285787 4.656663317251471 -0.17081508511146737 -4.819733050248455 0.1595826581802724 5.413686777000322 0.08004995945822113 -6.530281691135269 -0.09641793025478851 6.890716170369263 -0.02861897483577014 -8.860834925511462 -0.2829873441001469 -8.995972353653906 0.348760158737929 -10.156880795352624 -0.43086354237147084
25 15 -1.0 N/A N/A
26 1 -1.0 N/A N/A
26 3 -1.0 N/A N/A
26 5 -1.0 N/A N/A
26 6 -1.0 N/A N/A
26 7 0.770935108859816 6.216675524161722 0.8322685542650881 0.24609634433285787 -3.9874644959833674 0.40567900251313027 5.488931871516559 0.0752812592213905 -5.6980131368701805 0.14967841407806937 6.24595533126541 0.326146303791079 -8.028566371246374 -0.036890999767289046 -8.163703799388818 0.5948565030707869 8.436255433398642 0.21747736949708774 -8.97712830704448 -0.033989158441573686
26 8 -1.0 N/A N/A
26 10 -1.0 N/A N/A
26 11 -1.0 N/A N/A
26 12 0.7852577944783575 6.397872275700198 -0.8322685542650881 -0.24609634433285787 4.656663317251471 -0.17081508511146737 -4.819733050248455 0.1595826581802724 5.413686777000322 0.08004995945822113 -6.530281691135269 -0.09641793025478851 7.603986879133554 -0.02861897483577014 -8.860834925511462 -0.2829873441001469 -8.995972353653906 0.348760158737929 -9.809396861309567 -0.28008550277443156
26 15 -1.0 N/A N/A
27 1 -1.0 N/A N/A
27 3 -1.0 N/A N/A
27 5 -1.0 N/A N/A
27 6 -1.0 N/A N/A
27 7 0.0 6.199345859352584 1.4773458854658053 0.24609634433285787 -3.2062952350796685 0.2868751463235686 -4.937360940344064 0.14967841407806937 6.110700169110249 1.424723322624999E-4 7.018691210327763 0.326146303791079 -7.404286903160489 -0.036890999767289046 -7.452795304076393 0.46085057420980213 -8.97712830704448 -0.033989158441573686 9.149526142162934 0.21747736949708774
27 8 -1.0 N/A N/A
27 10 -1.0 N/A N/A
27 11 -1.0 N/A N/A
27 12 0.7852577944783575 6.525341807053498 -1.4773458854658053 -0.24609634433285787 4.633354283644444 -0.24595387200059537 -4.683641120545474 0.04077880199071071 5.5413453248619575 0.08004995945822113 -6.414706825809869 -0.09641793025478851 7.672180256697128 -0.02861897483577014 -8.881632788626295 -0.2829873441001469 -8.930141189542198 0.21475422987694426 -10.454474192510284 -0.28008550277443156
27 15 -1.0 N/A N/A
28 1 -1.0 N/A N/A
28 3 -1.0 N/A N/A
28 5 -1.0 N/A N/A
28 6 -1.0 N/A N/A
28 7 1.163655610485307 5.9248487401224335 0.8517544688098759 0.2764030045241057 -3.042881175491331 0.2746361970715334 -4.802300160473877 0.1799850742693172 6.367045034825363 0.0920580119505221 7.093391684072085 0.33230496776162877 -8.029878319816419 -0.006584339576041209 -8.078386720732322 0.49115723440104997 -9.049956507631245 -0.08132367453000278
28 8 -1.0 N/A N/A
28 10 -1.0 N/A N/A
28 11 1.3905402282962762 5.539084267477148 -1.7594189849825455 -0.09465112280221621 3.042881175491331 -0.2746361970715334 3.894635644301207 0.0017668074525722943 -4.986997144325088 -0.2812205366475746 -5.035505545240991 0.21652103732951655 -6.007075332139914 -0.3559598716015362 9.409926210316694 -0.18257818512101132 10.136272859563416 0.05766877069009535
28 12 0.7852577944783575 6.241535559810486 -0.8517544688098759 -0.2764030045241057 -3.894635644301207 -0.0017668074525722943 5.515290566015487 -0.1843449925735836 -5.654054629283753 -0.09641793025478851 6.241637215262209 0.055901963237523056 -8.881632788626295 -0.2829873441001469 -8.930141189542198 0.21475422987694426 -9.901710976441121 -0.3577266790541085
29 1 -1.0 N/A N/A
29 3 -1.0 N/A N/A
29 5 -1.0 N/A N/A
29 6 -1.0 N/A N/A
29 7 1.285186480430019 5.750503096240794 0.8480088068665452 0.036549169552274385 -2.90155242977357 0.03478236209970209 -4.692148146808705 -0.11035344272556102 5.718222041681315 -0.14779582302130922 6.444568690928037 0.09245113278979744 -8.054421844874582 -0.24643817454787253 -8.181258272735594 0.3401857339200953 -9.147022390292106 -0.14297386663182543
29 8 -1.0 N/A N/A
29 10 -1.0 N/A N/A
29 11 1.3905402282962738 5.38910820262926 -1.790595717035135 -0.14513580482526311 2.90155242977357 -0.03478236209970209 3.7495612366401154 0.0017668074525722943 -5.152869415101012 -0.2812205366475746 -5.279705842962024 0.30540337182039323 -6.245469960518536 -0.17775622873152752 8.619774471454885 -0.18257818512101132 9.346121120701607 0.05766877069009535
29 12 0.7852577944783575 6.068617930901295 -0.8480088068665452 -0.036549169552274385 -3.7495612366401154 -0.0017668074525722943 4.87021323481477 -0.1843449925735836 -5.54015695367525 -0.1469026122778354 5.596559884061492 0.055901963237523056 -8.902430651741128 -0.2829873441001469 -9.029267079602139 0.30363656436782094 -9.995031197158651 -0.17952303618409982
30 1 -1.0 N/A N/A
30 3 -1.0 N/A N/A
30 5 -1.0 N/A N/A
30 6 -1.0 N/A N/A
30 7 1.285186480430019 5.943795433855089 0.8480088068665452 0.036549169552274385 -2.90155242977357 0.03478236209970209 -4.692148146808705 -0.11035344272556102 6.463872880142194 -0.6227822304997543 7.2173045699903895 0.09245113278979744 -8.054421844874582 -0.24643817454787253 -8.181258272735594 0.3401857339200953 -9.147022390292106 -0.14297386663182543
30 8 -1.0 N/A N/A
30 10 -1.0 N/A N/A
30 11 1.3905402282962738 5.58154517566721 -1.790595717035135 -0.14513580482526311 2.90155242977357 -0.03478236209970209 3.7495612366401154 0.0017668074525722943 -5.152869415101012 -0.2812205366475746 -5.279705842962024 0.30540337182039323 -6.245469960518536 -0.17775622873152752 9.365425309915764 -0.6575645925994564 10.11885699976396 0.05766877069009535
30 12 0.7852577944783575 6.262797582918902 -0.8480088068665452 -0.036549169552274385 -3.7495612366401154 -0.0017668074525722943 -5.54015695367525 -0.1469026122778354 5.615864073275649 -0.6593314000520287 6.369295763123844 0.055901963237523056 -8.902430651741128 -0.2829873441001469 -9.029267079602139 0.30363656436782094 -9.995031197158651 -0.17952303618409982
31 1 -1.0 N/A N/A
31 3 1.4108141534985021 5.846296861129479 1.8200952593708273 0.14513580482526311 -3.527272923464608 -0.2358472910573992 -3.5622536678493795 0.4411119312788152 4.277364833887017 -0.23551544087886622 -4.9733050589205305 -0.19192175587988025 5.424582088349851 0.1469026122778354 11.273691848143173 -0.4116521201732377 11.84909241067323 0.22695257173605654
31 5 -1.0 N/A N/A
31 6 -1.0 N/A N/A
31 7 0.9087640754013355 5.9360317970088525 1.1472172544628343 0.38241805315670163 -2.4572695745161894 0.38065124570412934 -4.277364833887017 0.23551544087886622 6.996327014256156 -0.1761366792943715 7.571727576786213 0.46246801261492276 -7.804637757351625 -3.318501785329886E-4 -7.839618501736396 0.6766273721576814 -9.250669892807547 0.04359368499898597
31 8 -1.0 N/A N/A
31 10 -1.0 N/A N/A
31 11 1.3905402282962738 5.621175999267799 -1.8200952593708273 -0.14513580482526311 2.4572695745161894 -0.38065124570412934 3.6044868289790237 0.0017668074525722943 -5.347368182835435 -0.3809830958826623 -5.382348927220207 0.2959761264535521 -6.793400318291358 -0.33705756070514337 9.453596588772346 -0.5567879249985008 10.028997151302402 0.08181676691079343
31 12 0.7852577944783575 6.362019125523334 -1.1472172544628343 -0.38241805315670163 -3.6044868289790237 -0.0017668074525722943 -5.424582088349851 -0.1469026122778354 5.849109759793322 -0.5585547324510731 6.424510322323378 0.08004995945822113 -8.951855011814459 -0.3827499033352346 -8.98683575619923 0.2942093190009798 -10.397887147270382 -0.33882436815771566
32 3 1.4108141534985021 4.928911380034883 1.8495948017065196 0.14513580482526311 -3.5727102781234557 0.413089337968394 3.9192484290123026 -0.13478623412921742 -4.2879251199907245 -0.2358472910573992 4.663929891823734 0.1469026122778354 -5.212859914011743 -0.06357974547082712 10.955082426749364 0.030390654959070673
32 5 -1.0 N/A N/A
32 6 -1.0 N/A N/A
32 7 0.7709351088598138 5.528022839636451 0.7446814628114318 0.28168884640705283 -2.069653627305783 0.27992203895448053 -3.9192484290123026 0.13478623412921742 7.035833997737061 0.1651768890882881 -7.491958707135758 0.5478755720976114 -8.207173549003027 -0.10106105692818179 -9.132108343024045 0.0712064886583903
32 8 -1.0 N/A N/A
32 10 -1.0 N/A N/A
32 11 1.3905402282962738 4.929731052754597 -1.8495948017065196 -0.14513580482526311 2.069653627305783 -0.27992203895448053 2.814335090117215 0.0017668074525722943 -5.422305079829975 0.26795353314313086 -6.137519921697244 -0.3809830958826623 -7.062454715718262 -0.20871555029609024 9.105487625042844 -0.11474514986619244
32 12 0.7852577944783575 5.949856291941756 -0.7446814628114318 -0.28168884640705283 -2.814335090117215 -0.0017668074525722943 -4.663929891823734 -0.1469026122778354 6.291152534925629 -0.11651195731876474 -8.23664016994719 0.26618672569055857 -8.951855011814459 -0.3827499033352346 -9.876789805835477 -0.21048235774866253
33 3 1.4108141534985021 3.9079752637078964 1.8495948017065196 0.14513580482526311 -3.5727102781234557 0.413089337968394 -3.680885961547691 -0.3815466884149954 4.424478897141576 -0.20199633311105902 -4.549983795282932 0.22051001969866313 5.309007223024452 0.1469026122778354
33 6 -1.0 N/A N/A
33 7 0.9469419508311053 5.51511374301577 0.8845283258828758 0.34889894538889443 -2.5748840954350563 0.34713213793632214 -4.424478897141576 0.20199633311105902 -7.9971891752650315 0.615085671079453 -8.105364858689267 -0.17955035530393637 -8.974462692424508 0.42250635280972215
33 8 -1.0 N/A N/A
33 10 -1.0 N/A N/A
33 11 1.3905402282962738 4.216219719476555 -1.8495948017065196 -0.14513580482526311 2.5748840954350563 -0.34713213793632214 3.459412421317932 0.0017668074525722943 -5.422305079829975 0.26795353314313086 -5.530480763254211 -0.5266824932402585 -6.399578596989452 0.07537421487340001
33 12 -1.0 N/A N/A
34 3 1.4108141534985021 3.9133919363856844 1.8790943440422119 0.14513580482526311 -3.584872929428496 0.355278577182613 3.6638267006154592 -0.20199633311105902 -4.441538158073808 -0.3815466884149954 4.548355026498335 0.1469026122778354 -5.310635991809049 0.22051001969866313
34 6 -1.0 N/A N/A
34 7 0.9469419508311053 5.1333777931123725 0.8845283258828758 0.34889894538889443 -1.7847323565732474 0.34713213793632214 -3.6638267006154592 0.20199633311105902 -7.248699630043955 0.557274910293672 -8.105364858689267 -0.17955035530393637 -8.974462692424508 0.42250635280972215
34 8 -1.0 N/A N/A
34 10 -1.0 N/A N/A
34 11 1.3905402282962738 4.228800047434185 1.7847323565732474 -0.34713213793632214 -1.8790943440422119 -0.14513580482526311 2.669260682456123 0.0017668074525722943 -5.463967273470708 0.2101427723573499 -6.32063250211602 -0.5266824932402585 -7.1897303358512605 0.07537421487340001
34 12 -1.0 N/A N/A
35 3 1.4108141534985021 3.976464631129859 1.9085938863779042 0.14513580482526311 3.1667728793063183 -0.22630200993192418 -4.345525125954612 0.355278577182613 4.432780161172936 0.1469026122778354 -4.587343753164529 -0.27343327122296657 -5.372675970912528 0.26304546860508893
35 6 -1.0 N/A N/A
35 7 0.49181957356016 4.94151238447492 -1.2581789929284142 0.3714378147571873 1.2660072818666173 0.3732046222097596 -3.1667728793063183 0.22630200993192418 -7.512298005260931 0.5815805871145372 -7.754116632470847 -0.04713126129104239 -8.539448850218847 0.4893474785370131
35 8 -1.0 N/A N/A
35 10 -1.0 N/A N/A
35 11 1.3905402282962738 4.299905760746312 1.2581789929284142 -0.3714378147571873 -1.9085938863779042 -0.14513580482526311 2.5241862747950314 0.0017668074525722943 -6.2541190123325165 0.2101427723573499 -6.495937639542433 -0.4185690760482297 -7.281269857290432 0.11790966377982581
35 12 -1.0 N/A N/A
36 3 1.4108141534985021 3.898667916261043 1.1479416898517876 0.14513580482526311 3.066352862933414 -0.11704611061406744 3.672127964646819 0.1469026122778354 -4.366342479497913 0.2279086887612385 -5.347995949690645 -0.27343327122296657 -5.75624939346579 0.29897178015936454
36 6 -1.0 N/A N/A
36 7 -1.0 N/A N/A
36 8 -1.0 N/A N/A
36 10 -1.0 N/A N/A
36 11 1.3905402282962738 4.091288362446848 -1.1479416898517876 -0.14513580482526311 1.9184111730816262 -0.26218191543933056 2.5241862747950314 0.0017668074525722943 -5.5142841693497004 0.08277288393597537 -6.495937639542433 -0.4185690760482297 -6.904191083317578 0.15383597533410143
36 12 -1.0 N/A N/A
37 3 1.4108141534985021 4.123942457891843 1.9380934287135965 0.14513580482526311 3.606634855932807 -0.20598436914799123 4.317205295847536 0.1469026122778354 -4.366342479497913 0.2279086887612385 -4.7237164816047645 -0.27343327122296657 -5.75624939346579 0.29897178015936454
37 6 -1.0 N/A N/A
37 7 -1.0 N/A N/A
37 8 -1.0 N/A N/A
37 10 -1.0 N/A N/A
37 11 1.3905402282962738 4.45058738079146 1.6685414272192105 -0.35112017397325435 -1.9380934287135965 -0.14513580482526311 2.3791118671339397 0.0017668074525722943 -6.304435908211509 0.08277288393597537 -6.661809910318361 -0.4185690760482297 -7.694342822179387 0.15383597533410143
37 12 -1.0 N/A N/A
38 3 1.4108141534985021 4.0741757909217435 1.9675929710492888 0.14513580482526311 2.8459826594066904 -0.20598436914799123 3.5565530993214196 0.1469026122778354 -4.376275898206476 0.2279086887612385 -5.484368678130881 -0.27343327122296657 -6.178301061460328 0.3027878416071612
38 6 -1.0 N/A N/A
38 7 -1.0 N/A N/A
38 8 -1.0 N/A N/A
38 10 -1.0 N/A N/A
38 11 -1.0 N/A N/A
38 12 -1.0 N/A N/A
39 3 1.4108141534985021 4.076077277023596 1.6753309456962562 0.2177300334359007 2.255304278404413 -0.2378469364913709 3.44097823399602 0.1469026122778354 -5.136928094732593 0.2279086887612385 -5.695356134545168 -0.370009408070076 -6.19123440759687 0.42457834757194046
39 6 -1.0 N/A N/A
39 7 -1.0 N/A N/A
39 8 -1.0 N/A N/A
39 10 -1.0 N/A N/A
39 11 -1.0 N/A N/A
39 12 -1.0 N/A N/A
40 3 1.4108141534985021 3.9420299945135064 0.9146787491701396 0.2177300334359007 2.1863898490871527 -0.2378469364913709 2.6803260374699036 0.1469026122778354 -5.146861513441156 0.2279086887612385 -6.194413373965617 0.4368548359146356 -6.456008331071285 -0.370009408070076
40 6 -1.0 N/A N/A
40 7 -1.0 N/A N/A
40 8 1.0639387568485086 4.816083458870694 -1.047551860524461 0.2089461471533971 -1.309146817630129 -0.5979180968313145 5.146861513441156 -0.2279086887612385 6.061540262611295 -0.010178655325337793 7.3332513625283084 -0.4657556252526094 7.827187550911059 -0.08100607648340308
40 10 -1.0 N/A N/A
40 11 -1.0 N/A N/A
40 12 -1.0 N/A N/A
41 3 1.4108141534985021 3.817212623650892 1.4758249119471927 0.37285840479522836 2.1863898490871527 -0.2378469364913709 2.6803260374699036 0.1469026122778354 -4.396142735623602 0.2279086887612385 -5.880510508705559 -0.2446232122848846 -6.194413373965617 0.4368548359146356
41 6 -1.0 N/A N/A
41 7 -1.0 N/A N/A
41 8 1.0639387568485086 4.553309933211885 -1.4843677730819564 -0.4725319010461231 -1.7982706383420144 0.2089461471533971 4.396142735623602 -0.2279086887612385 5.871967647570795 0.14494971603398987 6.582532584710755 -0.4657556252526094 7.076468773093506 -0.08100607648340308
41 10 -1.0 N/A N/A
41 11 -1.0 N/A N/A
41 12 -1.0 N/A N/A
42 3 -1.0 N/A N/A
42 6 -1.0 N/A N/A
42 7 -1.0 N/A N/A
42 8 1.0639387568485086 4.879195409116656 -1.0410903434467578 0.23332662281317074 -1.4843677730819564 -0.4725319010461231 5.122005933085035 -0.29838906846343427 6.651822507846912 0.017803472164730216 7.133040236202852 -0.4298949915651491 7.721546104294223 -0.08100607648340308
42 10 1.3522788436721576 5.458601344052556 -0.44327742963519867 -0.7058585238592938 1.0410903434467578 -0.23332662281317074 6.1630962765317925 -0.531715691276605 7.69291285129367 -0.21552315064844052 8.17413057964961 -0.6632216143783198 8.76263644774098 -0.3143326992965738
42 11 -1.0 N/A N/A
42 12 -1.0 N/A N/A
43 3 -1.0 N/A N/A
43 6 0.7122414404662574 5.675071676232277 0.6340117909300176 0.7965916204771695 1.631021226235891 0.34599259431364526 6.67334733368757 0.18832193084893234 7.569537428092218 0.5978319551833966 8.44035276066121 -0.17848289603001355 8.639261024539529 0.4990224065352633
43 7 -1.0 N/A N/A
43 8 1.0639387568485104 4.5982460067847075 -0.9970094353058734 0.4505990261635242 -1.631021226235891 -0.34599259431364526 5.042326107451679 -0.15767066346471292 5.938516201856327 0.25183936086975134 6.8093315344253185 -0.5244754903436588 7.008239798303638 0.15302981222161804
43 10 1.3522788436721576 5.166375026704778 -0.6340117909300176 -0.7965916204771695 0.9970094353058734 -0.4505990261635242 6.039335542757552 -0.6082696896282371 6.9355256371622005 -0.19875966529377287 7.806340969731192 -0.975074516507183 8.005249233609511 -0.29756921394190616
43 11 -1.0 N/A N/A
43 12 -1.0 N/A N/A
44 3 -1.0 N/A N/A
44 6 0.7122414404662574 6.103825069020709 0.6340117909300176 0.7965916204771695 1.631021226235891 0.34599259431364526 7.369979989186003 0.28085249495090725 8.133093181413813 0.7439645678957545 9.096915405495206 -0.09545623283808169 9.284338355740246 0.4990224065352633
44 7 -1.0 N/A N/A
44 8 1.0639387568485104 5.024795072538123 -0.9970094353058734 0.4505990261635242 -1.631021226235891 -0.34599259431364526 5.738958762950112 -0.06514009936273801 6.502071955177922 0.39797197358210923 7.465894179259315 -0.44144882715172695 7.653317129504355 0.15302981222161804
44 10 1.3522788436721576 5.5887310936015515 -0.6340117909300176 -0.7965916204771695 0.9970094353058734 -0.4505990261635242 6.735968198255986 -0.5157391255262622 7.499081390483795 -0.05262705258141498 8.462903614565189 -0.8920478533152512 8.650326564810229 -0.29756921394190616
44 11 -1.0 N/A N/A
44 12 -1.0 N/A N/A
45 3 -1.0 N/A N/A
45 6 0.4624487060570707 5.9601576167692905 0.6928069025487815 0.34325396392618934 2.0683383422795316 0.14101448670657124 7.05657832741209 0.07587438734383323 8.083753934054513 0.391665437382116 8.783513743721294 -0.3004343404451557 8.970936693966333 0.2940442989281893
45 7 -1.0 N/A N/A
45 8 1.0639387568485086 4.684454022315973 -1.37553143973075 0.2022394772196181 -2.0683383422795316 -0.14101448670657124 4.988239985132559 -0.06514009936273801 6.015415591774982 0.25065095067554477 6.715175401441762 -0.44144882715172695 6.902598351686802 0.15302981222161804
45 10 0.7987078734766035 5.386422874465555 -0.6928069025487815 -0.34325396392618934 1.37553143973075 -0.2022394772196181 6.363771424863309 -0.2673795765823561 7.390947031505732 0.04841147345592667 8.090706841172512 -0.643688304371345 8.278129791417552 -0.04920966499800006
45 11 -1.0 N/A N/A
45 12 -1.0 N/A N/A
46 3 -1.0 N/A N/A
46 6 0.4624487060570707 6.396442987210205 1.3279410276618044 0.40225170658088416 2.0683383422795316 0.14101448670657124 7.804004349771347 -0.06535629338888249 8.083753934054513 0.391665437382116 9.467342320786244 -0.22628415312284922 9.535379358766964 0.5359482981284591
46 7 -1.0 N/A N/A
46 8 1.0639387568485086 4.917312995483254 -0.7403973146177272 0.2612372198743129 -2.0683383422795316 -0.14101448670657124 5.735666007491815 -0.20637078009545373 6.015415591774982 0.25065095067554477 7.3990039785067125 -0.36729863982942046 7.467041016487432 0.3949338114218879
46 10 1.1386048213626858 5.298927603635279 0.7403973146177272 -0.2612372198743129 -1.3279410276618044 -0.40225170658088416 6.4760633221095425 -0.46760799996976665 6.755812906392709 -0.01058626919876815 8.13940129312444 -0.6285358597037334 8.207438331105159 0.13369659154757496
46 11 -1.0 N/A N/A
46 12 -1.0 N/A N/A
47 3 -1.0 N/A N/A
47 6 0.5680271592775856 6.484000497943801 1.624702216048913 0.44036031089335026 2.3590863704733316 0.1434414351523321 7.879182412627404 -0.2294504957972796 8.195120731315537 0.5059996470743986 9.07540860914321 0.53837524657422 9.672564121872451 -0.03406782388073637
47 7 -1.0 N/A N/A
47 8 1.0639387568485086 4.763182876057306 -0.7343841544244185 0.29691887574101816 -2.3590863704733316 -0.1434414351523321 5.520096042154073 -0.3728919309496117 5.836034360842206 0.3625582119220665 6.716322238669878 0.3949338114218879 7.31347775139912 -0.17750925903306847
47 10 1.3522788436721584 5.141605754263286 0.7343841544244185 -0.29691887574101816 -1.624702216048913 -0.44036031089335026 6.254480196578491 -0.6698108066906299 6.570418515266624 0.06563933618104834 7.450706393094297 0.09801493568086972 8.047861905823538 -0.47442813477408663
47 11 -1.0 N/A N/A
47 12 -1.0 N/A N/A
48 3 -1.0 N/A N/A
48 6 0.5680271592775856 7.028364054458261 1.624702216048913 0.44036031089335026 3.109805148290885 0.1434414351523321 8.389886085053398 0.001407261600972376 8.8947062396741 0.4083435235391102 9.694169712940571 0.6424068519373307 10.364301889081307 -0.03406782388073637
48 7 -1.0 N/A N/A
48 8 1.0639387568485086 4.926745159565113 -1.485102932241972 0.29691887574101816 -3.109805148290885 -0.1434414351523321 5.280080936762513 -0.14203417355135972 5.784901091383215 0.2649020883867781 6.584364564649686 0.4989654167849986 7.254496740790422 -0.17750925903306847
48 10 1.3522788436721584 5.6786273595746755 1.485102932241972 -0.29691887574101816 -1.624702216048913 -0.44036031089335026 6.765183869004485 -0.4389530492923779 7.270004023625187 -0.03201678735424007 8.069467496891658 0.20204654104398045 8.739599673032394 -0.47442813477408663
48 11 -1.0 N/A N/A
48 12 -1.0 N/A N/A
49 3 -1.0 N/A N/A
49 6 0.7709245798856977 6.623590571748038 1.7572689672932178 0.42646133445364054 2.4890338328011943 0.20953098151779592 7.769114769563707 0.0674968079664362 8.82093155263394 -0.09287305256069 9.07339839745088 0.7084963983027945 9.743530573591617 0.032021722484727455
49 7 -1.0 N/A N/A
49 8 1.0639387568485086 4.790349511921629 -0.7317648655079765 0.21693035293584462 -2.4890338328011943 -0.20953098151779592 5.280080936762513 -0.14203417355135972 6.331897719832746 -0.30240403407848593 6.584364564649686 0.4989654167849986 7.254496740790422 -0.17750925903306847
49 10 1.3522788436721613 5.165726606004573 0.7317648655079765 -0.21693035293584462 -1.7572689672932178 -0.42646133445364054 6.011845802270489 -0.35896452648720434 7.063662585340722 -0.5193343870143305 7.3161294301576625 0.282035063849154 7.986261606298399 -0.3944396119689131
49 11 -1.0 N/A N/A
49 12 -1.0 N/A N/A
50 3 -1.0 N/A N/A
50 6 0.7709245798856977 7.008336111695242 1.7572689672932178 0.42646133445364054 3.2397526106187478 0.20953098151779592 8.149440867826765 0.4478229062294936 8.82093155263394 -0.09287305256069 9.63784106225151 0.4665923991025247 10.356963710976064 0.3517105157536875
50 7 -1.0 N/A N/A
50 8 1.0639387568485086 4.795251182278839 -1.48248364332553 0.21693035293584462 -3.2397526106187478 -0.20953098151779592 4.909688257208018 0.2382919247116977 5.5811789420151925 -0.30240403407848593 6.398088451632763 0.2570614175847288 7.117211100357316 0.14217953423589158
50 10 0.0 5.543696191919402 1.48248364332553 -0.21693035293584462 -1.7572689672932178 -0.42646133445364054 6.392171900533548 0.021361571775853072 7.063662585340722 -0.5193343870143305 7.880572094958293 0.04013106464888416 8.599694743682846 -0.07475081869995304
50 11 -1.0 N/A N/A
50 12 -1.0 N/A N/A
51 3 -1.0 N/A N/A
51 6 0.7273562257285285 5.994531458018028 1.2315759156026047 0.16081823357321934 2.7140595589281347 -0.05611211936262528 8.002351926691034 0.2183304414561844 8.892404669643064 -0.2630052276403303 9.112148010560897 0.2009492982221035
51 8 1.0639387568485086 4.418675653541469 -1.48248364332553 0.21693035293584462 -2.7140595589281347 0.05611211936262528 5.2882923677628995 0.2744425608188097 6.178345110714929 -0.20689310827770502 6.398088451632763 0.2570614175847288
51 10 0.0 5.012908100744795 -1.2315759156026047 -0.16081823357321934 1.48248364332553 -0.21693035293584462 6.770776011088429 0.05751220788296507 7.660828754040459 -0.42382346121354963 7.880572094958293 0.04013106464888416
51 11 -1.0 N/A N/A
51 12 -1.0 N/A N/A
52 3 -1.0 N/A N/A
52 6 0.7273562257285285 6.57991997773104 1.906910449253104 0.16661497368358358 3.464778336745688 -0.05611211936262528 8.561966571398624 0.24907120607164934 9.192527440149991 -0.22614379630679426 9.757225341761615 0.2009492982221035
52 8 1.0639387568485086 4.434645127413654 -1.5578678874925842 0.22272709304620886 -3.464778336745688 0.05611211936262528 5.097188234652936 0.3051833254342746 5.727749103404303 -0.17003167694416899 6.2924470050159265 0.2570614175847288
52 10 1.2055268561019226 5.058007445193906 1.5578678874925842 -0.22272709304620886 -1.906910449253104 -0.16661497368358358 6.6550561221455204 0.08245623238806576 7.285616990896887 -0.39275876999037784 7.850314892508511 0.03433432453851992
52 11 -1.0 N/A N/A
52 12 -1.0 N/A N/A
53 3 -1.0 N/A N/A
53 6 0.770924579885694 5.336780805234989 1.9781697253803436 0.2446800109555518 2.8404988686598074 -0.05611211936262528 7.937687103312744 0.24907120607164934 8.56824797206411 -0.22614379630679426
53 8 1.0639387568485086 3.647731346674775 -0.8623291432794638 0.3007921303181771 -2.8404988686598074 0.05611211936262528 5.097188234652936 0.3051833254342746 5.727749103404303 -0.17003167694416899
53 10 1.2493427459167343 3.8682307758439336 0.8623291432794638 -0.3007921303181771 -1.9781697253803436 -0.2446800109555518 5.9595173779324 0.004391195116097535 6.590078246683767 -0.4708238072623461
53 11 -1.0 N/A N/A
54 3 -1.0 N/A N/A
54 6 0.770924579885694 6.07209182991486 2.7290264032336253 0.14402885152756273 3.591217646477361 -0.05611211936262528 8.602121429297831 0.1044234433050013 9.35839971092592 -0.22614379630679426
54 8 -1.0 N/A N/A
54 10 1.3522788436721584 4.032717265514849 0.8621912432437355 -0.200140970890188 -2.7290264032336253 -0.14402885152756273 5.873095026064206 -0.03960540822256142 6.629373307692294 -0.370172647834357
54 11 -1.0 N/A N/A
55 3 -1.0 N/A N/A
55 6 0.770924579885694 4.845284442829569 2.1047469351477446 0.14402885152756273 3.7176569562090336 -0.05611211936262528 8.708093199588692 0.0135703089662913
55 8 -1.0 N/A N/A
55 10 1.3522788436721584 3.4465280059931502 1.612910021061289 -0.200140970890188 -2.1047469351477446 -0.14402885152756273 6.6033462644409475 -0.13045854256127143
56 6 0.770924579885694 3.2597528510353486 2.79658288799412 -0.1646447963923956 3.7176569562090336 -0.05611211936262528
56 8 -1.0 N/A N/A
56 10 -1.0 N/A N/A
57 6 0.770924579885694 3.19330097983328 2.5282078803998402 0.2653637387501053 3.8440962659407063 -0.05611211936262528
57 8 -1.0 N/A N/A
57 10 -1.0 N/A N/A
58 6 0.770924579885694 3.19330097983328 2.5282078803998402 0.2653637387501053 3.8440962659407063 -0.05611211936262528
58 8 -1.0 N/A N/A
58 10 -1.0 N/A N/A
59 6 0.770924579885694 3.128763687783142 2.277559254370029 0.20308135354178702 3.970535575672379 -0.05611211936262528
59 8 -1.0 N/A N/A
59 10 -1.0 N/A N/A
60 6 0.770924579885694 3.501911248921232 3.0305279196939843 0.11968713544887688 3.970535575672379 -0.05611211936262528
60 8 -1.0 N/A N/A
60 10 -1.0 N/A N/A
61 6 0.770924579885694 3.6243328944159847 3.149705043629801 0.10045815655981816 4.096974885404052 -0.05611211936262528
61 8 -1.0 N/A N/A
61 10 -1.0 N/A N/A
62 6 0.770924579885694 3.9996625337993894 3.149705043629801 0.10045815655981816 4.847693663221605 -0.05611211936262528
62 8 -1.0 N/A N/A
62 10 -1.0 N/A N/A
63 6 -1.0 N/A N/A
63 8 -1.0 N/A N/A
63 10 -1.0 N/A N/A
64 6 -1.0 N/A N/A
64 8 -1.0 N/A N/A
64 10 -1.0 N/A N/A
65 6 -1.0 N/A N/A
65 8 -1.0 N/A N/A
65 10 -1.0 N/A N/A
66 6 -1.0 N/A N/A
66 8 -1.0 N/A N/A
66 10 -1.0 N/A N/A
67 6 -1.0 N/A N/A
67 8 -1.0 N/A N/A
67 10 -1.0 N/A N/A
68 6 -1.0 N/A N/A
68 8 -1.0 N/A N/A
68 10 -1.0 N/A N/A
69 6 -1.0 N/A N/A
69 10 -1.0 N/A N/A
70 6 -1.0 N/A N/A
70 10 -1.0 N/A N/A
71 6 -1.0 N/A N/A
72 6 -1.0 N/A N/A
73 6 -1.0 N/A N/A
74 6 -1.0 N/A N/A
75 6 -1.0 N/A N/A
76 6 -1.0 N/A N/A
77 6 -1.0 N/A N/A
78 6 -1.0 N/A N/A
79 6 -1.0 N/A N/A
80 6 -1.0 N/A N/A
81 6 -1.0 N/A N/A
82 6 -1.0 N/A N/A
83 6 -1.0 N/A N/A
