timeStep pedestrianId speedInAreaUsingAgentVelocity-PID6 sk-PID7 kNearestNeighbors-PID7
3 13 1.488662661354696 7.014805709218772 2.2476203163834754 0.42740368966025155 3.678376388994014 -0.012771395168631905 4.354700297363472 0.30920547894566575 -4.469063801145598 0.3521094947055481 6.037408114774625 -0.05031795547477014 -7.407414076786047 -0.24531974000803647 -7.578771715192062 0.3581175037574367 -8.79440834928344 0.34071748221761755 -9.522490030965873 -0.14333915798065622 -15.971619409903012 0.14621098964174895
3 15 1.131936901098979 6.570926808978132 -2.938350275640449 -0.5974292347135846 -3.1097079140464636 0.006008009051888585 -4.325344548137842 -0.011392012487930536 4.469063801145598 -0.3521094947055481 -5.053426229820275 -0.4954486526862043 6.7166841175290735 0.07529419495470346 8.147440190139612 -0.36488088987418 8.82376409850907 -0.04290401575988234 10.506471915920223 -0.4024274501803182 -11.502555608757413 -0.20589850506379914
4 13 1.4886626613546898 7.234605010715302 2.217587874374761 0.34528848573139026 3.6889874981105706 0.06480516322950791 4.39963380164507 0.38678203734380556 -4.644523818047244 0.40739634345480713 6.015933020802848 0.02725860292336968 -7.629834857007822 0.38100877429312163 -8.229275673505345 -0.16774318160989665 -8.96993750641116 0.49943378958206175 -9.666006587333413 -0.2012216148353394 -16.793481006622308 0.22378754803988876
4 15 1.1109971366488447 6.772770648427406 -2.985311038960578 -0.026387569161685498 -3.5847518554581015 -0.5751395250647038 -4.325413688363916 0.09203744612725462 4.644523818047244 -0.40739634345480713 -5.02148276928617 -0.6086179582901465 6.862111692422005 -0.06210785772341687 8.333511316157814 -0.3425911802252992 9.044157619692314 -0.020614306111001568 10.660456838850092 -0.38013774053143745 -12.148957188575066 -0.18360879541491837
5 15 1.172159040464411 6.695212841535867 -2.9501736297657004 0.15016987922617275 -3.6288541787679094 -0.3614299598361681 -4.512434268519229 0.1418672919773183 4.774343258515248 -0.03252100528681101 -5.051757323746628 -0.5293778156502782 6.876578614748411 0.1167359100107408 7.668356834952434 -0.19018172805813904 9.24579823948783 0.1317951460561586 9.99530235764471 -0.22772828836427728 -12.189832201694562 -0.031199343247758193
6 15 1.172159040464411 6.932068819223711 -2.9501736297657004 0.15016987922617275 -3.6288541787679094 -0.3614299598361681 -4.512434268519229 0.1418672919773183 4.774343258515248 -0.03252100528681101 -5.051757323746628 -0.5293778156502782 6.876578614748411 0.1167359100107408 8.46463869079723 -0.31078246720320735 10.087808839582696 0.17470198010364513 10.723771996410434 -0.10070811653019707 -12.189832201694562 -0.031199343247758193
7 15 1.2251996729726784 7.0507653043397855 -2.890708459467639 0.15016987922617275 -3.809939090142194 -0.47000489726540806 -4.432054629566917 0.33490265820326837 4.8865873022386985 -0.03252100528681101 -5.244354906676419 -0.4334665368310757 6.884633517536905 0.15060048010885474 7.751367982032939 -0.31078246720320735 9.374538130818404 0.17470198010364513 -12.27882344237297 -0.031199343247758193 -12.880111818543401 0.20212122764384688
8 1 1.3565650148639 6.919855996016511 -1.5049654740858465 0.07304618630675286 -1.6919665097369077 -0.6201747764915808 2.831243289169578 -0.15016987922617275 -2.821902061646316 -0.41957224233313983 7.8300746351317265 -0.18269088451298376 9.734649060762852 -0.02481225990423752 -10.160850861967683 -0.18136922247393095 -10.367063368707209 0.44702721784857946 10.700982854925194 -0.49812630651821976 -11.3740572230217 -0.4513275027086463
8 15 1.2251996729726784 7.257187751021286 -2.831243289169578 0.15016987922617275 -4.336208763255424 0.2232160655329256 -4.5232097989064854 -0.47000489726540806 4.998831345962149 -0.03252100528681101 -5.653145350815894 -0.2694023631069671 6.903405771593274 0.12535761932193523 7.869739565755616 -0.347956427292047 9.201224329505798 -0.16638530267293206 -12.99209415113726 -0.031199343247758193 -13.198306657876786 0.5971970970747522
9 1 1.3565650148639 6.822477136966623 -0.6887001987268633 0.015096384103710392 -1.1380381086344755 -0.6708205420042042 -2.3202229588668786 -0.5095339073115932 2.831243289169578 -0.15016987922617275 8.65472913150801 -0.22036804180069325 -9.536571393881799 -0.18136922247393095 9.734649060762852 -0.02481225990423752 -10.367063368707209 0.44702721784857946 -11.31375809032145 0.06062532937135234 -11.3740572230217 -0.4513275027086463
9 15 1.2251996729726784 7.666991814060957 -2.831243289169578 0.15016987922617275 -3.519943487896441 0.16526626332988315 -3.9692813978040533 -0.5206506627780314 -5.151466248036456 -0.35936402808542045 5.823485842338432 -0.0701981625745205 6.903405771593274 0.12535761932193523 8.686864005776343 -0.18883868635006884 -12.367814683051376 -0.031199343247758193 -13.198306657876786 0.5971970970747522 -14.145001379491028 0.2107952085975251
10 1 1.3565650148639 7.000156670541908 -1.461436077789216 0.015096384103710392 -1.9107739876968282 -0.6708205420042042 2.7717781188715165 -0.15016987922617275 -3.092958837929231 -0.5095339073115932 7.881993252445657 -0.22036804180069325 9.763967766666397 -0.12074615349748896 -10.309307272944151 -0.18136922247393095 -10.424661686137785 0.27446582769522543 10.745371415883568 -0.3390085655762416 -11.454297312915326 -0.4899808083672541
10 15 1.2251996729726784 7.819273130539996 -2.7717781188715165 0.15016987922617275 -4.233214196660732 0.16526626332988315 -4.682552106568345 -0.5206506627780314 5.11021513357414 -0.0701981625745205 -5.864736956800748 -0.35936402808542045 6.992189647794881 0.02942372572868379 7.9735932970120516 -0.18883868635006884 -13.081085391815668 -0.031199343247758193 -13.196439805009302 0.4246357069213982 -14.226075431786843 -0.33981092914108135
11 1 1.3565650148639 7.073512546106433 -1.4605971003700304 -0.31643569724552023 -2.2391071292480156 -0.24285688636325364 2.712312948573455 -0.15016987922617275 -3.498167715559269 0.02978871394046667 7.934772125871046 -0.22036804180069325 9.7090586953334 -0.421814569573586 -10.416135990996095 0.1562705524150214 -10.479349790666099 -0.32230484460130526 10.701049154427587 -0.026831300887797838 -11.50378000994133 -0.5058965977461476
11 5 1.5566508770261158 6.777161345246176 -0.7785100288779851 0.07357881088226659 1.4605971003700304 0.31643569724552023 -2.0375706151892388 0.3462244111859869 4.172910048943486 0.16626581801934748 -8.955538890626064 0.47270624966054164 -9.018752690296068 -0.0058691473557850316 9.395369226241076 0.09606765544482698 -10.0431829095713 -0.18946090050062736 -10.643945309734569 0.47213276000521276 11.16965579570343 -0.10537887232806575
11 15 1.2251996729726784 7.8818052679917034 -2.712312948573455 0.15016987922617275 -4.172910048943486 -0.16626581801934748 -4.951420077821471 -0.09268700713708089 5.222459177297591 -0.0701981625745205 -6.210480664132724 0.17995859316663942 6.996745746759945 -0.27164469034741323 7.988736205854131 0.12333857833837492 -13.12844893956955 0.30644043164119417 -13.191662739239554 -0.1721349653751325 -14.216092958514785 -0.35572671851997484
12 1 1.2301177354504327 7.324060137482715 -1.6083355218549045 -0.40279839480789903 2.0120210581731968 -0.12602188300547468 -2.939399019648274 -0.21870889014255557 -3.560801956369261 0.011287077579393845 8.059994987958529 -0.19622004557999517 9.008766804933142 -0.3976665733528879 -10.332498576906868 0.13369880890030927 -11.179641681066357 -0.2981568483806072 -12.204071900341589 -0.4817486015254495 -12.247179719301066 0.12385476301072007
12 5 1.0422307870091274 6.847662034742001 -1.3310634977933695 0.18408950466534346 1.6083355218549045 0.40279839480789903 -1.9524664345143563 0.4140854723872929 3.6203565800281012 0.27677651180242435 -8.724163055051964 0.5364972037082083 -9.571306159211453 0.10464154642729184 9.668330509813433 0.20657834922790386 -10.595736378486684 -0.07895020671755049 10.617102326788046 0.005131821455011121 -10.638844197446161 0.5266531578186191
12 15 1.2251996729726784 8.324605515663126 -2.0120210581731968 0.12602188300547468 -3.6203565800281012 -0.27677651180242435 -4.951420077821471 -0.09268700713708089 -5.5728230145424575 0.13730896058486852 6.047973929785332 -0.0701981625745205 6.996745746759945 -0.27164469034741323 -12.344519635080065 0.25972069190578395 -13.191662739239554 -0.1721349653751325 -14.216092958514785 -0.35572671851997484 -14.259200777474263 0.24987664601619475
13 1 1.2301177354504327 7.082319737419013 -0.7242499715902895 -0.40279839480789903 -2.3297227205217474 -0.09740290816970454 2.725291766937488 -0.12602188300547468 -3.0146848268854356 -0.3754938218067867 8.059994987958529 -0.19622004557999517 9.715566906966881 -0.0947522439098556 -10.332498576906868 0.13369880890030927 -10.623499049600392 -0.4509846738241672 -11.453353122524035 -0.4817486015254495 -11.687877751499865 0.08787068328020986
13 5 1.6351861909620633 6.867182242546785 0.7242499715902895 0.40279839480789903 -1.605472748931458 0.3053954866381945 -2.290434855295146 0.02730457300111233 3.4495417385277776 0.27677651180242435 8.784244959548818 0.20657834922790386 -9.608248605316579 0.5364972037082083 -9.899249078010103 -0.04818627901626815 10.43981687855717 0.30804615089804344 -10.729103150933746 -0.07895020671755049 -10.963627779909576 0.4906690780881089
13 15 1.2251996729726784 8.432581432789457 -2.725291766937488 0.12602188300547468 -3.4495417385277776 -0.27677651180242435 -5.0550144874592355 0.02861897483577014 5.334703221021041 -0.0701981625745205 -5.739976593822924 -0.24947193880131202 6.990275140029393 0.031269639095619084 -13.057790343844356 0.25972069190578395 -13.34879081653788 -0.3249627908186925 -14.178644889461523 -0.35572671851997484 -14.413169518437353 0.21389256628568454
14 1 1.3565650148639 7.910665602214387 -1.4969858506526421 -0.40279839480789903 2.665826596639427 -0.12602188300547468 -3.1024585995841 -0.09740290816970454 -3.7874207059477882 -0.3754938218067867 8.112773861383918 -0.19622004557999517 -10.326720938542259 0.038731965296134874 -11.396234928662745 -0.4509846738241672 -12.226089001586388 -0.4817486015254495 -12.460613630562218 0.08787068328020986 -13.429189678844232 -0.36138500167358156
14 5 1.6351861909620633 7.163547723232125 1.4969858506526421 0.40279839480789903 -1.605472748931458 0.3053954866381945 -2.290434855295146 0.02730457300111233 4.162812447292069 0.27677651180242435 -8.829735087889617 0.4415303601040339 9.60975971203656 0.20657834922790386 -9.899249078010103 -0.04818627901626815 -10.729103150933746 -0.07895020671755049 -10.963627779909576 0.4906690780881089 -11.93220382819159 0.04141339313431747
14 15 1.2251996729726784 9.769489153501347 -2.665826596639427 0.12602188300547468 -4.162812447292069 -0.27677651180242435 5.446947264744491 -0.0701981625745205 -5.768285196223527 0.02861897483577014 -6.453247302587215 -0.24947193880131202 -12.992547535181686 0.16475384830160955 -14.062061525302171 -0.3249627908186925 -14.891915598225815 -0.35572671851997484 -15.126440227201645 0.21389256628568454 -16.09501627548366 -0.23536311866810689
15 1 1.3565650148639 7.961291928668882 -1.4553385533253511 -0.3401599955772774 1.8930907175770741 -0.12602188300547468 -3.2301171474457355 -0.09740290816970454 -4.560156585010141 -0.3754938218067867 8.165552734809307 -0.19622004557999517 -10.309305078742799 0.038731965296134874 -11.544691339639213 -0.4509846738241672 -12.314040496886093 -0.5918160527068004 -12.533777501746748 0.19329973774626286 -13.515375292080314 -0.33771085457612404
15 5 1.510715053674936 7.233308512902805 1.4553385533253511 0.3401599955772774 -1.7747785941203844 0.24275708740757285 -3.1048180316847898 -0.03533382622950931 3.3484292709024253 0.2141381125718027 -8.853966525417448 0.37889196087341226 9.620891288134658 0.1439399499972822 -10.089352786313862 -0.1108246782468898 -10.858701943560742 -0.251656057129523 -11.078438948421397 0.5334597333235402 -12.060036738754963 0.002449141001153343
15 12 0.7852577944783575 6.699729610766063 -1.3300394375644053 -0.27809091363708216 1.7747785941203844 -0.24275708740757285 3.2301171474457355 0.09740290816970454 5.12320786502281 -0.02861897483577014 -7.079187931297064 0.1361348734658394 -8.314574192193477 -0.35358176565446264 -9.083923349440358 -0.49441314453709584 -9.303660354301012 0.2907026459159674 -10.285258144634579 -0.2403079464064195 11.395669882255042 -0.09881713741029063
15 15 1.2251996729726784 9.280706582876883 -1.8930907175770741 0.12602188300547468 -3.3484292709024253 -0.2141381125718027 -5.12320786502281 0.02861897483577014 6.2724620172322325 -0.0701981625745205 -6.453247302587215 -0.24947193880131202 -12.202395796319873 0.16475384830160955 -13.437782057216287 -0.3249627908186925 -14.207131214463168 -0.4657941697013257 -14.426868219323822 0.31932162075173753 -15.408466009657388 -0.21168897157064936
