timeStep pedestrianId speedInAreaUsingAgentVelocity-PID6 sk-PID7 kNearestNeighbors-PID7
1 1 -1.0 N/A N/A
1 2 -1.0 N/A N/A
1 3 -1.0 N/A N/A
1 4 -1.0 N/A N/A
1 5 -1.0 N/A N/A
1 6 -1.0 N/A N/A
1 7 -1.0 N/A N/A
1 8 -1.0 N/A N/A
2 1 -1.0 N/A N/A
2 2 -1.0 N/A N/A
2 3 -1.0 N/A N/A
2 4 -1.0 N/A N/A
2 5 -1.0 N/A N/A
2 6 -1.0 N/A N/A
2 7 -1.0 N/A N/A
2 8 -1.0 N/A N/A
3 1 -1.0 N/A N/A
3 2 -1.0 N/A N/A
3 3 -1.0 N/A N/A
3 4 -1.0 N/A N/A
3 5 -1.0 N/A N/A
3 6 -1.0 N/A N/A
3 7 -1.0 N/A N/A
3 8 -1.0 N/A N/A
3 9 -1.0 N/A N/A
4 1 -1.0 N/A N/A
4 2 -1.0 N/A N/A
4 3 -1.0 N/A N/A
4 4 -1.0 N/A N/A
4 5 -1.0 N/A N/A
4 6 -1.0 N/A N/A
4 7 -1.0 N/A N/A
4 8 -1.0 N/A N/A
4 9 -1.0 N/A N/A
4 10 -1.0 N/A N/A
4 11 -1.0 N/A N/A
4 12 -1.0 N/A N/A
4 13 -1.0 N/A N/A
5 1 -1.0 N/A N/A
5 2 -1.0 N/A N/A
5 3 -1.0 N/A N/A
5 4 -1.0 N/A N/A
5 5 -1.0 N/A N/A
5 6 -1.0 N/A N/A
5 7 -1.0 N/A N/A
5 8 -1.0 N/A N/A
5 9 -1.0 N/A N/A
5 10 -1.0 N/A N/A
5 11 -1.0 N/A N/A
5 12 -1.0 N/A N/A
5 13 -1.0 N/A N/A
5 14 -1.0 N/A N/A
6 1 -1.0 N/A N/A
6 2 -1.0 N/A N/A
6 3 -1.0 N/A N/A
6 4 -1.0 N/A N/A
6 5 -1.0 N/A N/A
6 6 -1.0 N/A N/A
6 7 -1.0 N/A N/A
6 8 -1.0 N/A N/A
6 9 -1.0 N/A N/A
6 10 -1.0 N/A N/A
6 11 -1.0 N/A N/A
6 12 -1.0 N/A N/A
6 13 -1.0 N/A N/A
6 14 -1.0 N/A N/A
6 15 -1.0 N/A N/A
7 1 -1.0 N/A N/A
7 2 1.378394846587295 1.153485794020091 -1.218409145728561 0.8739272331405257 -1.266682767001325 0.4499672178171412 -1.2808583575798336 -0.35421836216890057
7 3 -1.0 N/A N/A
7 4 1.6823368514536456 1.4295430416480521 -1.6641724315680246 -0.8037981181971459 -1.6017232197167521 0.4243474771122804 -1.649996840989516 3.874617888959264E-4
7 5 -1.0 N/A N/A
7 6 -1.0 N/A N/A
7 7 -1.0 N/A N/A
7 8 -1.0 N/A N/A
7 9 -1.0 N/A N/A
7 10 -1.0 N/A N/A
7 11 -1.0 N/A N/A
7 12 -1.0 N/A N/A
7 13 -1.0 N/A N/A
7 14 -1.0 N/A N/A
7 15 -1.0 N/A N/A
8 1 -1.0 N/A N/A
8 2 1.378394846587295 1.0649535897204259 -1.266682767001325 0.4499672178171412 1.2388314989757285 0.4495797560282453 -0.3928879523982376 0.951227594445113
8 3 -1.0 N/A N/A
8 4 1.6823368514536456 1.9430997759056254 -2.5055142659770535 3.874617888959264E-4 -2.2287297998011617 -0.28169279262541824 -1.7750073089161136 -0.7793007459292065
8 5 -1.0 N/A N/A
8 6 -1.0 N/A N/A
8 7 -1.0 N/A N/A
8 8 -1.0 N/A N/A
8 9 -1.0 N/A N/A
8 10 -1.0 N/A N/A
8 11 -1.0 N/A N/A
8 12 -1.0 N/A N/A
8 13 -1.0 N/A N/A
8 14 -1.0 N/A N/A
8 15 -1.0 N/A N/A
9 1 1.257727391514458 1.1170312099043207 -1.8496048008109058 -0.19408820045551956 -1.3083270720210995 0.5877097776344717 0.20327419179383366 0.9357242882378083
9 2 1.378394846587295 1.1928976202669244 -1.8572400313448147 0.43685180911690047 1.3166982791695832 0.4495797560282453 -1.219349778511753 0.21614311380822215
9 3 -1.0 N/A N/A
9 4 1.6823368514536456 2.153547345904179 -3.173938310514398 -0.012727946911344823 -2.5360480576813362 -0.23343664222002314 -1.8656112384932984 -0.6004377245458166
9 5 -1.0 N/A N/A
9 6 1.3847617666359744 1.220922967762479 1.6623370466994647 -0.3352865636919917 -1.5116012638149332 -0.34801451060333655 -0.8737110109818715 -0.5687232059120149
9 7 -1.0 N/A N/A
9 8 -1.0 N/A N/A
9 9 -1.0 N/A N/A
9 10 -1.0 N/A N/A
9 11 -1.0 N/A N/A
9 12 -1.0 N/A N/A
9 13 -1.0 N/A N/A
9 14 -1.0 N/A N/A
9 15 -1.0 N/A N/A
10 1 1.257727391514458 1.0733916652239708 1.326563604117398 0.15085796851757127 -0.9705900054990639 0.739900934327995 -1.0570542326280155 -0.18961809350616043
10 2 1.378394846587295 1.6526408097138579 -2.297153609616462 0.5890429658104237 -1.6238556372174626 0.5701762078203787 1.3945650593634369 0.4495797560282453
10 3 -1.0 N/A N/A
10 4 1.6823368514536439 2.7014179969260645 -3.691718668979899 0.1394632097821784 -3.0184206965808995 0.12059645179213341 -2.721128663480835 -0.6004377245458166
10 5 -1.0 N/A N/A
10 6 1.3847617666359744 1.0877615381471526 -1.360313580345431 0.20839045543322499 1.1232894123235644 -0.784866319720237 -1.1738641972928976 -0.1958233539098133
10 7 -1.0 N/A N/A
10 8 -1.0 N/A N/A
10 9 -1.0 N/A N/A
10 10 -1.0 N/A N/A
10 11 0.8766885114724406 0.8284645812619532 -0.7597621995279509 -0.9106522698441104 -0.8597473554515327 0.4230805673330833 0.2972920331000646 -0.72103417633795
10 12 -1.0 N/A N/A
10 13 -1.0 N/A N/A
10 14 -1.0 N/A N/A
10 15 -1.0 N/A N/A
11 1 0.9982809627939467 1.3565925017268303 -1.6594723862973444 -0.35039283907037255 -1.5730081591683929 0.5791261887637829 1.501796095241752 -0.009916777046640846
11 2 1.378394846587295 1.8310023118661547 -3.074804254410145 0.5890429658104237 -2.4015062820111455 0.5701762078203787 -1.501796095241752 0.009916777046640846
11 3 -1.0 N/A N/A
11 4 1.6823368514536439 2.2688705054195166 -3.691718668979899 0.1394632097821784 -3.0184206965808995 0.12059645179213341 -2.118710509811506 -0.43966297898160445
11 5 -1.0 N/A N/A
11 6 1.384761766635975 1.4423526004185714 -2.013916886967957 -0.1463533501272618 1.677801782011942 -0.2858165599094402 -1.3406189145689575 -0.1652201081173068
11 7 -1.0 N/A N/A
11 8 -1.0 N/A N/A
11 9 -1.0 N/A N/A
11 10 -1.0 N/A N/A
11 11 0.8766885114724406 1.0456786945050285 1.3406189145689575 0.1652201081173068 -0.7597621995279509 -0.9106522698441104 0.8997101867693935 -0.5602594307737379
11 12 -1.0 N/A N/A
11 13 -1.0 N/A N/A
11 14 -1.0 N/A N/A
11 15 -1.0 N/A N/A
12 1 1.1627698686550076 1.190440516286697 -1.6415301056351632 -0.23540676585612097 -1.555418160808978 0.5138245038076423 -0.9445641990175027 0.5153113843309809
12 2 1.378394846587295 1.4472584691890877 -2.3339170179736595 0.5890429658104237 -1.723063056182184 0.5905298463337623 1.4724318395572897 0.4495797560282453
12 3 -1.0 N/A N/A
12 4 1.682336851453642 2.5073651416370737 -3.806348857530949 0.1394632097821784 -3.1954948957394738 0.14095009030551697 -2.250930696721971 -0.3743612940254639
12 5 1.241960806418048 0.9106372797553789 1.555418160808978 -0.5138245038076423 -0.6835930965842465 -0.5605940429382974 -0.08611194482618512 -0.7492312696637633
12 6 1.3847617666359748 1.3605760929336288 -2.110041814472009 -0.05948310136437396 1.6963070430589404 -0.19894631114655237 -1.4991878526805333 -0.057996220841035395
12 7 -1.0 N/A N/A
12 8 -1.0 N/A N/A
12 9 -1.0 N/A N/A
12 10 -1.0 N/A N/A
12 11 1.1568540567253807 1.071332784132586 -1.294447058375722 -0.562080923461636 -1.190035484063559 0.3273353882624477 0.9445641990175027 -0.5153113843309809
12 12 1.3546039081443109 1.0406847912310793 -1.5995367461494023 -0.20699592836427883 -0.4930695774458984 1.0780535384495495 0.6969659066176606 0.7507181501871019
12 13 -1.0 N/A N/A
12 14 -1.0 N/A N/A
12 15 -1.0 N/A N/A
13 1 1.1627698686550076 1.036971785657487 1.556149501958366 -0.07521846200278137 -1.1305997705563335 0.4938460591080771 -0.8437335272891193 -0.2955599419139521
13 2 1.3783948465872984 1.7743786118963993 -2.3998830292474853 -0.2203414799111707 -2.0044763182704006 0.6147104646998311 1.5502986197511408 0.4495797560282453
13 3 -1.0 N/A N/A
13 4 1.682336851453642 2.9735714035660874 -3.950181648998626 -0.669921235939416 -3.5547749380215414 0.16513070867158586 -3.106448121709507 -0.3743612940254639
13 5 0.7129167363944588 1.0107097039926864 1.1305997705563335 -0.4938460591080771 -1.108411486836891 -0.5406155982387322 -1.003999912524728 0.34880071348535147
13 6 1.3847617666359748 1.2655532769960307 -1.6852234242193642 -0.07946154606393918 -1.39835718095215 -0.8688675470859684 1.0015258482953353 -0.6485260671747977
13 7 -1.0 N/A N/A
13 8 -1.0 N/A N/A
13 9 -1.0 N/A N/A
13 10 -1.0 N/A N/A
13 11 0.8467869870257432 1.0052045968247225 -1.686272866769027 0.3031547698963788 1.0029504699750653 0.03381560247496651 -0.3954067109770847 -0.8350519446110019
13 12 1.4206807424133592 1.1442893511541585 1.39835718095215 0.8688675470859684 -1.3952777301041053 0.248790402783297 0.3954067109770847 0.8350519446110019
13 13 -1.0 N/A N/A
13 14 -1.0 N/A N/A
13 15 -1.0 N/A N/A
14 1 0.9610375157933947 1.2876827457939872 -1.7287268852426667 0.5441858572993343 1.7356730320657174 -0.02487866381152415 -1.0464539309983678 0.589831800888307
14 2 1.3783948465872984 1.980287702660305 -2.7821269630640852 0.6147104646998311 -2.444724746843038 0.08091391593655928 -1.7356730320657174 0.02487866381152415
14 3 -1.0 N/A N/A
14 4 1.682336851453642 3.240750894052237 -4.410292363009077 0.16513070867158586 -4.07289014678803 -0.368665840091686 -3.3638384320107093 -0.42470109221672114
14 5 0.7129167363944588 0.9405629159173898 -1.2482571960781552 -0.6061538934588873 1.0196751704653462 -0.4881506051742992 -0.6350445023350524 -0.4822635948336611
14 6 1.3065027609612232 1.6007628628653507 -2.479168277320989 -0.08251235887279673 -1.79689532307669 -0.03686641528382406 -1.4594931068556427 -0.5706629640470959
14 7 -1.0 N/A N/A
14 8 0.5127004645625958 0.9152843941038258 1.3652176457547789 -0.1230052976948599 -0.5653125045676752 -0.7748051347427198 -0.8672290422663034 -0.201912253226185
14 9 -1.0 N/A N/A
14 10 0.7923897555625935 0.9028380906219727 1.3173174565793513 0.5279095384226338 -0.915129231441731 0.4490025828913087 0.6350445023350524 0.4822635948336611
14 11 0.8467869870257432 1.061286156826946 -1.3173174565793513 -0.5279095384226338 -1.3652176457547789 0.1230052976948599 1.0464539309983678 -0.589831800888307
14 12 1.4069266105356313 1.1390146031972808 -1.6547196728003986 0.005887010340638099 1.4594931068556427 0.5706629640470959 -1.0196751704653462 0.4881506051742992
14 13 -1.0 N/A N/A
14 14 -1.0 N/A N/A
14 15 -1.0 N/A N/A
15 1 0.9610375157933947 1.1724332057669051 1.7356730320657174 -0.02487866381152415 1.370474843630932 0.6275008637148147 -1.1825388916798047 0.5139868180902045
15 2 1.3783948465872984 1.884398705407531 2.459784881359065 0.2487835842771533 -2.444724746843038 0.08091391593655928 -1.9246477814064802 0.6136335131606785
15 3 -1.0 N/A N/A
15 4 1.6823368514536443 3.7668797112868875 -4.904509628202103 -0.16786966834059402 -4.384432662765545 0.3648499288835252 -4.195457913424782 -0.22390492046562915
15 5 0.9169818574066286 1.0110466154233149 1.1825388916798047 -0.5139868180902045 -1.229132685073342 0.19885028049296238 0.993564142339042 0.07476803125894982
15 6 1.0203103041481263 1.7054058801082719 -2.5530137353107367 -0.1135140456246102 -2.0795265584082525 -0.5714656115897796 -1.5594495929716947 -0.038746014365660386
15 7 -1.0 N/A N/A
15 8 0.5127004645625958 1.1180664207291033 -1.4971120576903298 -0.06256824187807286 1.229132685073342 -0.19885028049296238 0.6017555074992469 -0.795247698155559
15 9 -1.0 N/A N/A
15 10 0.9508890079793678 1.1447892019765973 -1.4689845497655503 0.593335444929374 -1.1670680120669221 0.02044256341283912 1.1008643544765793 0.13844585169742718
15 11 1.4614825677858287 1.1347070886668547 -1.620941319913137 -0.6711654489215464 1.5594495929716947 0.038746014365660386 -0.993564142339042 -0.07476803125894982
15 12 1.4069266105356313 1.0097843048678834 -1.7026198619758262 0.6568018464581318 -1.1008643544765793 -0.13844585169742718 0.5200769654365578 0.5327195972241192
15 13 -1.0 N/A N/A
15 14 -1.0 N/A N/A
15 15 -1.0 N/A N/A
16 1 1.2306042217418454 1.103254369340346 1.7452813892180181 -0.05433247847674316 -1.2096939428847033 0.4845330034249855 -0.8923919471834454 -0.08209291770101768
16 2 1.3783948465872984 1.8880829421681713 -2.6376733364014635 -0.027760439224274513 -1.8928108777070065 0.7610871074478336 -1.7452813892180181 0.05433247847674316
16 3 -1.0 N/A N/A
16 4 1.6823368514536443 3.1854286571489694 -4.319807572966844 -0.2765440235014278 -3.5749451142723867 0.5123035231706803 -3.4274156257833983 -0.19445110580041014
16 5 1.241960806418048 1.2013327577504156 -1.3682644140105804 -0.5963974176625966 -1.409475092386912 0.43935523198353454 1.2096939428847033 -0.4845330034249855
16 6 1.0203103041481263 1.2761149667841494 -1.8121264988742514 -0.1135140456246102 -1.4948245031729934 -0.6801399667506134 1.14284883322847 -0.6523795275263389
16 7 -1.0 N/A N/A
16 8 0.8494699434272465 1.256167817155132 -1.4033450227120117 -1.0809960875194617 1.409475092386912 -0.43935523198353454 -0.6067832317881425 -0.9648891502570622
16 9 0.9760663899570604 0.9616218044807132 -1.4508736550251027 0.6618159568884172 0.6067832317881425 0.9648891502570622 -0.7965617909238691 -0.11610693726239951
16 10 0.9508890079793678 1.1353996952116483 1.3682644140105804 0.5963974176625966 -1.4445557010883432 -0.04524343787333063 -0.8134869332783143 0.6650056211965385
16 11 1.4023877360462857 1.1379974022334012 1.8928108777070065 -0.7610871074478336 -1.062164454395715 -0.22222162554610492 -0.744862458694457 -0.7888475466721081
16 12 1.0560455233610873 1.1917266782646876 -1.6855664097118384 -0.02977149653659339 1.4948245031729934 0.6801399667506134 0.744862458694457 0.7888475466721081
16 13 -1.0 N/A N/A
16 14 -1.0 N/A N/A
16 15 -1.0 N/A N/A
17 1 1.304316934527704 1.3371026712104348 -2.0243400384725607 0.4845330034249855 1.6659063235222646 0.19888094523818278 -0.9621755840768458 0.7067546289710904
17 2 1.3783948465872942 2.043065545960016 -2.7413405903132215 -0.28246131718791023 -2.6280819075991104 0.5078736837329076 1.802380631660812 -0.0044298394377726424
17 3 -1.0 N/A N/A
17 4 1.682336851453642 3.4742156026349327 -4.5437212219740335 -0.2780314777501376 -4.430462539259922 0.5123035231706803 -3.4682869551830766 -0.19445110580041014
17 5 1.241960806418048 1.1715071696222321 -1.409475092386912 0.43935523198353454 -1.239409517630687 -0.4719141192811316 0.9489057716816038 -0.568113375374713
17 6 1.020310304148126 1.4710907165250344 -2.42661432543958 -0.030768433714741583 -1.4777085537579762 -0.5988818090894545 -1.364449871043865 0.19145319183136333
17 7 1.0699465802045025 0.9457968195316002 -1.3267638858024604 0.39528675807315405 1.180207823139214 -0.13751542984417675 0.4184387956865656 0.873390380178634
17 8 0.8494699434272465 1.2098333599726012 1.409475092386912 -0.43935523198353454 -1.0049303020407523 -0.9912654232312166 0.7617690274526483 -1.0109058100228108
17 9 1.4574016875684936 0.9241373376034939 1.239409517630687 0.4719141192811316 -1.1749958767969773 -0.07999607196655045 -0.17006557475622497 0.9112693512646661
17 10 1.197824643197615 1.1028911209453254 1.5966118366158675 0.003437202664563266 -0.7617690274526483 1.0109058100228108 -1.180207823139214 0.13751542984417675
17 11 1.4023877360462857 1.2680747736602858 -1.7098705193299786 -0.7937722035853811 1.364449871043865 -0.19145319183136333 0.9621755840768458 -0.7067546289710904
17 12 1.1215515849848676 1.2348255359957312 -1.5966118366158675 -0.003437202664563266 1.4777085537579762 0.5988818090894545 -0.9489057716816038 0.568113375374713
17 13 -1.0 N/A N/A
17 14 -1.0 N/A N/A
17 15 -1.0 N/A N/A
18 1 1.304316934527704 1.3151745130849621 -1.881686790472596 -3.3213023297129496E-4 -1.5612855156997574 0.5771439079795462 1.0861295921174072 0.41684667088970784
18 2 1.3783948465872984 2.452767292925823 -3.518991235106906 -0.28246131718791023 -3.00626433168388 0.35217182971742655 -2.4435569683159493 -0.19888094523818278
18 3 -1.0 N/A N/A
18 4 -1.0 N/A N/A
18 5 0.7915977983803824 0.9767987984631195 -1.0689635764712335 -0.6151175270512352 -1.1319618300415302 0.3007475249946081 0.9985781523318265 -0.02609113302393684
18 6 1.1369356827068235 1.8126955838377268 -2.6474151078171646 0.16029723708983834 -2.161563858908364 -0.5004270428394353 -1.6488369554853382 0.1342061040659015
18 7 1.0699465802045025 1.137309591237963 -1.5909136163794155 -0.12292456568787724 1.1590065808047507 0.8273935777442682 1.2220048343750474 -0.08847147430157509
18 8 1.033347563091745 1.303545601316232 -1.7889028655703676 -0.26649078101690016 -1.1590065808047507 -0.8273935777442682 0.8115605552686915 -0.8782235632071256
18 9 1.1894281263658 1.1363067514410712 1.554814825380034 -0.04560675287803839 1.0689635764712335 0.6151175270512352 -1.2220048343750474 0.08847147430157509
18 10 1.3209524243699449 0.9691662962196442 1.318979427104665 0.5513849051885806 -0.8115605552686915 0.8782235632071256 0.8062525236816391 -0.08324824171675616
18 11 0.7307412838929165 1.137252667677555 1.6488369554853382 -0.1342061040659015 -1.318979427104665 -0.5513849051885806 -0.9985781523318265 0.02609113302393684
18 12 1.1215515849848676 1.016139834132312 -1.554814825380034 0.04560675287803839 1.0754342667909569 0.08358037194972745 -0.4858512489088005 0.6607242799292736
18 13 -1.0 N/A N/A
18 14 -1.0 N/A N/A
18 15 -1.0 N/A N/A
19 1 1.2306042217418436 1.2744531900562812 -1.6494058241844396 0.704633325578599 1.6818276591215167 0.3014720867559282 -1.425349355746219 -0.010233714766951785
19 2 1.3783948465872984 2.230482705033864 -3.1071770148677356 -0.31170580152287997 2.7357648368421987 -0.0044298394377726424 -2.1800575733660796 0.36512747403324575
19 3 -1.0 N/A N/A
19 4 -1.0 N/A N/A
19 5 1.1299523482269307 1.1773344328811373 1.6494058241844396 -0.704633325578599 -0.994010275482589 -0.6023743142938249 1.1511759099398766 -0.038033764789425106
19 6 1.1369356827068235 1.3267112989069145 -1.9738061071074142 0.1851955131711458 -1.7497496386691935 -0.529671527174405 1.357427376198542 -0.21796572565152506
19 7 1.2210756752445455 1.1138434833457707 1.2528992925251679 0.8093796691232127 -1.3259130700555897 0.6486122058736896 1.2745503507834695 0.036879423683464196
19 8 1.109885967857675 1.1811705856558483 1.2397178021791113 -0.8849929714914744 -1.2528992925251679 -0.8093796691232127 -0.7269112434400933 -0.8101417342784663
19 9 1.1894281263658 1.0965865852734495 1.742572577180984 0.6400158031325427 -1.168551983789344 0.4781540605537442 0.7269112434400933 0.8101417342784663
19 10 1.3209524243699449 1.0365865671123697 -1.2745503507834695 -0.036879423683464196 1.2180667439208097 -0.11249272605172589 0.994010275482589 0.6023743142938249
19 11 1.4083540373458283 1.2288832298521473 -2.1668372436807672 0.20815969593534867 -1.1511759099398766 0.038033764789425106 -0.9271194415016559 -0.6768332755561257
19 12 0.7331063523305085 1.2137751965709445 -1.2397178021791113 0.8849929714914744 1.425349355746219 0.010233714766951785 -1.2180667439208097 0.11249272605172589
19 13 -1.0 N/A N/A
19 14 -1.0 N/A N/A
19 15 1.5107150536749463 1.2553997571249886 -1.7869091460588988 0.020202532986830057 -1.6443664669651188 -0.5126071519400464 1.168551983789344 -0.4781540605537442
20 1 1.0982213891666348 1.5915756639166183 -2.3335258611542535 0.7543420726070398 1.7753582669453873 0.35118083378436893 -1.6989267100383145 0.08307431614312755
20 2 1.3783948465872984 2.3472895531305786 -3.474284976983702 -0.2681065176412414 -2.9577082181597643 0.36512747403324575 1.9581141920485141 -0.0044298394377726424
20 3 -1.0 N/A N/A
20 4 -1.0 N/A N/A
20 5 1.1299523482269307 1.1194583964726956 -1.6132427029124994 -0.15123919761124593 1.1511759099398766 -0.038033764789425106 -1.0156613337408906 0.17012593114592356
20 6 1.0598507717284071 1.6507356359834975 -2.6173211169555586 0.21174323101115977 -1.9827219658396196 -0.45952452545275246 1.4915630111440823 -0.19141800781151108
20 7 1.3524276212644997 1.0974201906208483 1.4958299951889487 0.7204472163394122 -1.1124044120677894 0.7093212954002608 0.48016866144805803 0.8905731474853358
20 8 1.109885967857675 1.0493562385974518 -1.5925730735158474 -0.181251852085075 1.0156613337408906 -0.17012593114592356 -0.48016866144805803 -0.8905731474853358
20 9 0.9462711467339272 1.0053846270755005 1.6132427029124994 0.15123919761124593 1.0289824488098018 -0.4955548197338606 -0.9949917043442387 0.1401132766720945
20 10 0.6847342804051928 1.0142361513323401 1.2188594052186366 -0.024473739118805682 -1.0289824488098018 0.4955548197338606 -0.4314010796381931 0.8169199484910301
20 11 1.4083540373458283 1.3333868701276692 -1.7354361640425742 -0.6087602525556814 1.466145207015682 -0.17370946622173467 1.182349951214377 -0.7163083078176147
20 12 0.7331063523304977 1.302680698539034 -1.6502604848568296 0.8413936876098358 1.6989267100383145 -0.08307431614312755 -1.2188594052186366 0.024473739118805682
20 13 -1.0 N/A N/A
20 14 -1.0 N/A N/A
20 15 0.6257586641133608 1.17655521044565 1.5925730735158474 0.181251852085075 1.1124044120677894 -0.7093212954002608 -1.1165337975794287 -0.6927007641650746
21 1 1.0982213891666348 1.4955946124188872 2.553008911739072 0.35118083378436893 -1.6205665086824954 0.7166661310585436 1.1253033084689825 0.54259884159588
21 2 -1.0 N/A N/A
21 3 1.7574232856788816 1.2671838062588858 -1.6742483081854291 0.79918580913351 1.143172910717123 0.71610055047441 1.2605856184406736 0.14689253174624373
21 4 -1.0 N/A N/A
21 5 1.1968124386143486 1.1862303924488322 1.6205665086824954 -0.7166661310585436 -1.1469817467475636 0.1271401034438604 -0.9950470030681462 -0.5734437314569467
21 6 1.3847617666359746 1.8765276434434117 -2.745869817151478 0.1740672894626636 -1.9987356533113818 -0.4780669214854347 -1.8827952823872636 0.11614536431720879
21 7 1.3524276212644997 1.0941800171189848 1.0618076009131432 0.8099113782347764 -1.2605856184406736 -0.14689253174624373 1.2137423445925606 0.10932754333396932
21 8 0.8177782754542885 1.2496338589061142 -1.8367012017006576 -0.07713405139372398 -1.0618076009131432 -0.8099113782347764 -1.179220308636694 -0.24070335950661015
21 9 0.0 1.0439092530155443 1.3311550523161113 -0.45988047539419696 -1.143172910717123 -0.71610055047441 1.179220308636694 0.24070335950661015
21 10 0.5055066077488779 1.2472592665343696 1.7421811669082423 -0.0786904794911516 -1.3311550523161113 0.45988047539419696 -1.2137423445925606 -0.10932754333396932
21 11 0.7307412838929167 1.2577958066211692 -1.8581215378323606 -0.5155218063114919 1.8827952823872636 -0.11614536431720879 0.757491973918281 -0.6587442059130888
21 12 1.4662127046609978 1.2530107945414128 -1.8941159105876597 0.7792743143919587 -1.7421811669082423 0.0786904794911516 -0.7471341638400961 0.6521342109480983
21 13 -1.0 N/A N/A
21 14 -1.0 N/A N/A
21 15 0.6257586641133583 1.1129320810810568 1.8367012017006576 0.07713405139372398 0.7748936007875145 -0.7327773268410525 -0.48569201765315917 -0.8796698585872962
22 1 1.0982213891666233 1.3234204220229964 1.8718269326091246 0.2706681278100005 -1.585018338589924 0.6426850373408568 -1.5546143239723467 -0.015980785863923153
22 2 -1.0 N/A N/A
22 3 1.7631994083042222 1.1111502341393242 -1.448014250150404 0.5432074122880328 1.5037234815616305 0.08674945133120282 0.9039232493268283 -0.053014406745541365
22 4 -1.0 N/A N/A
22 5 1.201515793778945 1.410117654658646 -1.8637118959700825 0.12060849118717876 -1.711777152290665 -0.5799753437136284 1.585018338589924 -0.6426850373408568
22 6 1.3847617666359746 1.441107808690532 -1.9987356533113818 -0.4780669214854347 -2.029139667928959 0.18059890171934523 1.4277056032700894 -0.19141800781151108
22 7 1.0699465802045036 0.9734126934834411 -1.3888357131452729 0.7632136415838273 0.44786548855538477 0.8403476929775513 -0.9039232493268283 0.053014406745541365
22 8 0.8177782754542885 1.2028765368385332 -1.8367012017006576 -0.07713405139372398 -1.351788737882213 -0.7873332862320099 -0.44786548855538477 -0.8403476929775513
22 9 0.4884052519955148 0.9201073562206641 1.0758743114433535 -0.5140146123983742 0.9239395677639362 0.1865692225024329 -0.9127616339367215 0.10943517110870893
22 10 0.5055066077488779 1.1550553676513835 1.7421811669082423 -0.0786904794911516 -1.5037234815616305 -0.08674945133120282 -1.0758743114433535 0.5140146123983742
22 11 1.4614825677858314 1.2940571305762012 2.453021027701018 -0.30756337212871987 -0.9734202288804532 -0.5942122858026435 1.0253154244309286 -0.11614536431720879
22 12 1.4662127046609978 1.4293262204097832 -1.8941159105876597 0.7792743143919587 -1.7421811669082423 0.0786904794911516 1.5546143239723467 0.015980785863923153
22 13 -1.0 N/A N/A
22 14 -1.0 N/A N/A
22 15 0.6257586641133583 1.2328937340563404 -1.7250889046854443 -0.5894534280099402 1.3888357131452729 -0.7632136415838273 -0.9631017863319595 -0.16699182255025313
23 1 0.9982809627939501 1.5715246217662906 -2.201452401569089 0.5490624082354856 2.0330435144236443 0.17704549870462927 -1.48023357099947 -0.18785869766199514
23 2 -1.0 N/A N/A
23 3 1.7631994083042222 1.337982342274933 -2.210001368503889 0.12074580682834579 -1.448014250150404 0.5432074122880328 1.3305909225462083 0.07247608537780525
23 5 1.201515793778945 1.2357542971672786 -1.8849097113060873 -0.5942487096670259 -0.9166782843443855 -0.5799753437136284 -1.0806336321245613 -0.006114436627643549
23 6 1.3847617666359746 1.8216314571083205 -2.8706477205966365 0.18059890171934523 -2.1494288900270178 -0.5563222041781355 -1.866823477098606 0.11614536431720879
23 7 0.7741182112887881 1.2534970029841896 -1.8155033863646528 0.6377231494604807 -1.3305909225462083 -0.07247608537780525 -0.9027417524279313 0.5282879783517718
23 8 1.1047503242269605 1.2652660335307242 1.80185246269418 -0.7308066692698372 -1.7070178316094573 -0.0598462946876106 1.0806336321245613 0.006114436627643549
23 9 0.4884052519955148 1.2575230983452026 -1.875863420268681 -0.057556651441544204 1.7070178316094573 0.0598462946876106 0.9027417524279313 -0.5282879783517718
23 10 1.320952424369948 1.2471200358931689 -1.8709731793896331 0.5140146123983742 1.6378971149140042 -0.15694576218385237 0.9166782843443855 0.5799753437136284
23 11 1.4614825677858314 1.3772421642338526 -1.920502527842416 -0.5155218063114919 1.866823477098606 -0.11614536431720879 1.1976281580710584 -0.48460887083334914
23 12 1.2345359557181788 1.3684957488906424 -1.80185246269418 0.7308066692698372 -1.6378971149140042 0.15694576218385237 1.48023357099947 0.18785869766199514
23 13 -1.0 N/A N/A
23 14 -1.0 N/A N/A
23 15 0.0 1.3007986071345008 1.8155033863646528 -0.6377231494604807 -1.7250889046854443 -0.5894534280099402 -0.9631017863319595 -0.16699182255025313
24 1 0.9982809627939501 1.4078218794484019 -2.3230318179671947 -0.030912935478142778 -1.5258341172836243 0.6589134526775213 1.5107033716952252 0.36846350651614035
24 2 -1.0 N/A N/A
24 3 0.5688917737976568 1.3228552308394188 1.821055450100273 0.6097848927486762 1.6304229001438006 0.057607616547848295 -1.4292557565821475 -0.010732790694469863
24 5 1.147422169230845 1.3206163442729362 -1.7562519164100259 -0.1159654810696793 1.5258341172836243 -0.6589134526775213 1.1856858171689009 -0.1743045818441722
24 6 -1.0 N/A N/A
24 7 1.0699465802045027 1.3022261369278658 1.9468844663664981 0.6681427572705072 -1.6304229001438006 -0.057607616547848295 1.1496867656829277 -0.0216836308851569
24 8 1.1047503242269605 1.295854336178257 -1.821055450100273 -0.6097848927486762 1.7562519164100259 0.1159654810696793 0.9590542157264554 -0.5738609070859848
24 9 1.1623077421245693 1.2839197558463082 2.0548727919821017 -0.6240595129242985 -1.10002744703392 -0.12583852635758142 1.0958185762556463 -0.050198605838313703
24 10 1.320952424369948 1.3574744105692507 1.9828835178524713 0.5155218063114919 1.4168237538952475 -0.0014423015710463005 -1.1496867656829277 0.0216836308851569
24 11 1.4614825677858314 1.292078692221224 -1.9828835178524713 -0.5155218063114919 1.8508516718099486 -0.11614536431720879 -1.1856858171689009 0.1743045818441722
24 12 1.056045523361086 1.2926149173551464 -2.375877969621703 0.5753032086570311 -1.4168237538952475 0.0014423015710463005 -0.6196260532116771 0.6912686897267104
24 13 0.8639653895032393 1.7577901422133138 3.059678656725948 0.06834040724231816 2.154492630426774 0.6707162892814598 1.4292557565821475 0.010732790694469863
24 14 -1.0 N/A N/A
24 15 0.8175930954810323 1.3594667972707337 2.005213473333094 -0.4765373556815602 -1.786725778629557 -0.10192806275707422 -1.0544651833928542 -0.5448777629238784
25 1 1.3043169345276984 1.5415650221819848 2.7736987084231597 0.17704549870462927 -1.709454437568457 0.4577055582889633 -1.720854159659801 -0.03235523704918908
25 2 -1.0 N/A N/A
25 3 1.3001006035585567 1.2350472873920437 1.8796766181850835 0.5840681127081604 -1.528962405744867 0.2488290137753415 0.9039736408820023 0.04856544526091078
25 5 1.1102704398276915 1.3176911320685505 1.709454437568457 -0.4577055582889633 -1.602207264366438 0.06856780456530043 -1.4282234759865915 -0.4886184937671061
25 6 -1.0 N/A N/A
25 7 1.0699465802045027 1.0795849461169804 -1.5662307288163007 0.5284600391944165 1.1496867656829277 -0.0216836308851569 0.9757029773030812 0.5355026674472496
25 8 1.093583849241349 1.2409839333479609 1.590807542275094 -0.5586285999034528 1.602207264366438 -0.06856780456530043 -1.2184289730831495 -0.012283933905781197
25 9 1.2486733891638668 1.0976396541525641 1.392412761462996 -0.5449023644266253 -1.3235047330362324 0.005241305652948114 1.2184289730831495 0.012283933905781197
25 10 1.320952424369948 1.2310327420733145 1.4282234759865915 0.4886184937671061 -1.392412761462996 0.5449023644266253 1.4168237538952475 -0.0014423015710463005
25 11 1.1303660074905877 1.4093408116301138 -2.64312295438906 -0.4528482972764891 -1.2262992004938127 -0.4542905988475354 -1.2148994784024687 0.03577019649061697
25 12 1.056045523361086 1.3243918900540401 1.720854159659801 0.03235523704918908 -1.590807542275094 0.5586285999034528 -1.4168237538952475 0.0014423015710463005
25 13 0.9768178561027435 1.7002078564380134 2.4329360466268692 -0.20026356851443072 2.190210050846801 0.3229551650270377 1.528962405744867 -0.2488290137753415
25 14 -1.0 N/A N/A
25 15 0.8175930954810331 1.4025310692064203 -2.2257085231463503 -0.15385074626993056 1.5662307288163007 -0.5284600391944165 1.3235047330362324 -0.005241305652948114
26 1 -1.0 N/A N/A
26 2 -1.0 N/A N/A
26 3 1.3001006035585567 1.4288469392396856 1.8796766181850835 0.5840681127081604 1.707112790471422 0.04856544526091078 -1.528962405744867 0.2488290137753415
26 5 1.1102704398276915 1.3089832629036833 -1.7747710920800994 -0.4669348628819492 -1.602207264366438 0.06856780456530043 1.2148994784024687 -0.03577019649061697
26 6 -1.0 N/A N/A
26 7 1.3979525760913358 1.1962526725270894 1.7747710920800994 0.4669348628819492 -1.707112790471422 -0.04856544526091078 1.0130746774926234 -0.08433433394844592
26 8 1.093583849241349 1.2253640171715081 -1.8796766181850835 -0.5840681127081604 1.602207264366438 -0.06856780456530043 0.840510849778962 -0.6198370013956955
26 9 0.5811538710622873 1.2597140922174312 1.7774560970148698 -0.4764595338875308 -1.604988458883474 0.13633483925533163 -0.9427313709491756 -0.4406906451999957
26 10 1.1122282998187698 1.2837147307068435 -1.7774560970148698 0.4764595338875308 1.5759992826706082 0.061208401492242714 -0.840510849778962 0.6198370013956955
26 11 1.1303660074905877 1.4544324409235296 -1.9765958929899448 -0.5154990003397781 2.032120287941037 -0.05347185528220599 1.3092010547538422 -0.42193536179834634
26 12 1.4662127046609967 1.4617777010576396 2.4327168982603737 0.4008187435653294 1.7097976650731788 0.03235523704918908 -1.5759992826706082 -0.061208401492242714
26 13 0.9768178561027435 1.8004436927180028 3.236075196216289 -0.20026356851443072 2.4716937766940426 0.19186163142465418 1.528962405744867 -0.2488290137753415
26 14 1.0343036760868225 2.4254147137608695 4.012874979919401 0.010871641308664692 3.2484935603971543 0.4029968412477496 2.3057621894479787 -0.037693803952246085
26 15 0.8175930954810331 1.5146463383204942 2.3693698784057204 -0.5284600391944165 -1.6435051015136803 -0.5393316805030812 1.604988458883474 -0.13633483925533163
27 1 -1.0 N/A N/A
27 2 -1.0 N/A N/A
27 3 0.6500503017792763 1.2995619156975204 -2.0506336313332136 0.26559479944348574 1.835303991744329 -0.031298641349025935 -1.1916418314758586 -0.02349303733648167
27 5 1.1102704398276881 1.3803970326670618 1.8663502190401413 -0.5354401718220174 -1.5088957330417667 0.0465684179253012 1.279128336766254 -0.1097024378309932
27 6 -1.0 N/A N/A
27 7 0.8385792551048595 1.4050266084057443 1.9507607411170458 0.5412196623263617 -1.835303991744329 0.031298641349025935 -1.2461420846014697 0.38867538585044326
27 8 1.0488509158083965 1.4398227673652528 -2.277168999819608 -0.5564894389026369 -1.6880070926767488 -0.1991126944012196 1.5088957330417667 -0.0465684179253012
27 9 0.5811538710622873 1.337350094691707 -1.7808037386187179 -0.380869781837899 1.6880070926767488 0.1991126944012196 1.2461420846014697 -0.38867538585044326
27 10 0.9926846404394841 1.3980603149451862 2.105568271137326 0.4460806216555069 1.8052942742797065 -0.08687582684851147 -1.124320806745974 0.014563397160138436
27 11 1.2305532293174857 1.3851155077066404 2.1516491681287597 -0.057274227474883865 -2.105568271137326 -0.4460806216555069 -1.279128336766254 0.1097024378309932
27 12 1.466212704660995 1.396332837207718 2.451923164986379 0.4756822210291345 -1.8052942742797065 0.08687582684851147 -0.9788543399086347 0.6426588863350116
27 13 1.026099745908264 1.5395103535409682 3.0269458232201876 -0.007805604012544265 1.7808037386187179 0.380869781837899 1.1916418314758586 0.02349303733648167
27 14 1.0126634432248434 2.1979765727293143 3.8859376230775426 -0.2968934407925117 2.639795538476073 0.09178194505793158 2.0506336313332136 -0.26559479944348574
27 15 0.8175930954810341 1.3141058099687082 2.4162969466022908 -0.44550199868380336 -1.4696406764752519 -0.14860855789129168 1.170154862000821 -0.0568266128333601
28 1 -1.0 N/A N/A
28 3 1.270882539394826 1.378033275634151 2.252392566272519 0.01875794128591224 -1.8988740636936425 0.04112694245859494 1.128071759526545 0.033321338446050675
28 5 0.9150927175111454 1.5120719437731889 2.095792995125265 -0.712211357755943 1.5174912793877589 -0.044433929089472635 -1.3710297917389909 -0.5935126196205953
28 6 -1.0 N/A N/A
28 7 0.8385792551048595 1.283661512316277 -1.8637434776869046 0.5560126924668802 1.2370609959829313 0.5348940900209529 -1.128071759526545 -0.033321338446050675
28 8 1.1098859678576787 1.4665724601361771 2.128518076217242 -0.5882235679908172 -1.956418298203074 -0.04086174769424478 -1.2370609959829313 -0.5348940900209529
28 9 1.0054503025755714 1.3110620452289117 1.956418298203074 0.04086174769424478 1.8436781089661167 -0.5085957394868466 -1.144386175466762 0.061980350140172114
28 10 0.9926846404394841 1.4666873635354443 2.2412582654541993 -0.03876608080972588 -1.8436781089661167 0.5085957394868466 1.3710297917389909 0.5935126196205953
28 11 -1.0 N/A N/A
28 12 -1.0 N/A N/A
28 13 1.026099745908264 1.8953556635742814 3.0269458232201876 -0.007805604012544265 2.307588521000045 0.48622673831416385 1.8988740636936425 -0.04112694245859494
28 14 1.0126634432248434 2.5585198000781495 3.8859376230775426 -0.2968934407925117 3.1665803208574 0.19713890153419644 2.7578658635509976 -0.33021477923856235
28 15 1.0422307870091307 1.47164700195237 -2.022194145390638 -0.25911925167436856 1.8637434776869046 -0.5560126924668802 -1.163202345533283 -0.548207088454336
29 1 -1.0 N/A N/A
29 3 0.8822461173178935 1.2908687969847144 1.8753407492246197 0.512017873336096 -1.6960534560551102 -0.03673574571251237 1.2787989278443437 -0.023049754774961073
29 5 0.9150927175111454 1.4834391804114149 2.095792995125265 -0.712211357755943 -1.8548314238823096 -0.5791227605505611 -1.2582896025020336 -0.044055132439503986
29 6 -1.0 N/A N/A
29 7 1.1148945528223773 1.1632123799089433 -1.769193349439444 0.43303072455087044 -1.2787989278443437 0.023049754774961073 1.1968851117384265 -0.07222395233231271
29 8 1.1098859678576787 1.1945287973219005 -1.8753407492246197 -0.512017873336096 1.2582896025020336 0.044055132439503986 -1.1135626463929515 -0.04086174769424478
29 9 1.5774802193171091 1.1567989315960967 1.713905936751102 -0.5664298327491251 -1.2521725244267685 -0.06117515586594191 1.1135626463929515 0.04086174769424478
29 10 1.1885846333438908 1.2624398724958752 -1.713905936751102 0.5664298327491251 1.5281747858590915 0.01906801245255263 -1.1968851117384265 0.07222395233231271
29 11 -1.0 N/A N/A
29 12 -1.0 N/A N/A
29 13 0.9926843458587812 1.8902584631034152 2.974852383899454 0.013685990937551296 2.4578315588867783 0.5078918713543636 1.6960534560551102 0.03673574571251237
29 14 1.0126634432248396 2.579215540995821 3.855239569189999 -0.4268183784088224 3.3382187441773237 0.06738750200798993 2.5764406413456555 -0.40376862363386135
29 15 1.3785187155253156 1.4172181504709354 -2.086046219750555 -0.00621234614204802 1.769193349439444 -0.43303072455087044 -1.2056590344600098 -0.44671671548842173
30 1 -1.0 N/A N/A
30 3 0.8822461173178935 1.633734356700333 -2.5764406413456555 0.40376862363386135 2.0819380774337635 -0.023049754774961073 -1.6960534560551102 -0.03673574571251237
30 5 1.2419608064180496 1.3983361673413934 -1.790697536002611 -0.6318969993403378 1.6335903650304093 -0.1609910961586083 -1.2457454068507818 -0.07342246386969009
30 6 -1.0 N/A N/A
30 7 1.3979525760913358 1.4102132870401125 -2.0819380774337635 0.023049754774961073 1.790697536002611 0.6318969993403378 -1.0801016856599919 0.5734473754241307
30 8 1.0471614080455496 1.3541690598839786 2.202671209030745 -0.6116304753504078 -1.625053814811821 0.014972839953482975 1.2457454068507818 0.07342246386969009
30 9 0.47313557336696155 1.5467733443314204 2.143020710967516 -0.6654411460333858 1.625053814811821 -0.014972839953482975 -1.492230813368872 -0.14041665087326027
30 10 1.1122282998187598 1.3707991441709249 -2.143020710967516 0.6654411460333858 1.6847043128750503 0.03883783072949498 -1.062919025307524 0.09199377060925507
30 11 -1.0 N/A N/A
30 12 -1.0 N/A N/A
30 13 0.9926843458587812 2.1011409178162657 3.7779915334888736 0.013685990937551296 2.6978898478288817 0.587133366361682 1.6960534560551102 0.03673574571251237
30 14 1.0126634432248396 2.7875111385246694 4.658378718779419 -0.4268183784088224 3.578277033119427 0.1466289970153083 2.5764406413456555 -0.40376862363386135
30 15 1.3785187155253156 1.6236713401200924 2.572332499028864 -0.43303072455087044 -2.086046219750555 -0.00621234614204802 1.492230813368872 0.14041665087326027
31 1 -1.0 N/A N/A
31 3 1.300100603558557 1.3659383454268768 1.9067289357714596 0.6312268222343249 -1.8535666758407725 -0.010869878805533695 1.3617768066196305 0.07275228676367718
31 5 -1.0 N/A N/A
31 7 1.3979525760913358 1.2744798762006277 -1.803920436202711 0.7099538704739388 -1.3617768066196305 -0.07275228676367718 -1.0801016856599919 0.5734473754241307
31 8 1.0471614080455496 1.4397721344841925 -1.9067289357714596 -0.6312268222343249 1.9462014612891494 -0.1679801312181306 -1.625053814811821 0.014972839953482975
31 9 0.47313557336696155 1.3047135578496623 -2.135241796800411 -0.6570695409933416 1.625053814811821 -0.014972839953482975 1.0801016856599919 -0.5734473754241307
31 10 1.1122282998187598 1.6054436530356786 2.3736638272188326 0.13202466887374165 -2.143020710967516 0.6654411460333858 1.4282345651334545 0.4824881748617722
31 11 -1.0 N/A N/A
31 12 -1.0 N/A N/A
31 13 0.8122215617373074 1.977049346319675 3.215343482460403 0.08362216556921087 2.135241796800411 0.6570695409933416 1.8535666758407725 0.010869878805533695
31 14 0.9037256932228699 2.599876025282293 4.049045247754277 -0.3962462404309015 2.9689435620942852 0.1772011349932292 2.6872684411346466 -0.4689985271945787
31 15 1.51071505367495 1.492057745015391 -2.245124811551566 -0.31370763004303726 1.803920436202711 -0.7099538704739388 -1.411423046257692 -0.7935760360431496
32 1 -1.0 N/A N/A
32 3 1.7644922346357859 1.4249515624470137 -2.1322550588863933 0.33743514277232833 1.731118160609098 0.7617560888114401 -0.8990313938806249 0.7650856522890042
32 5 -1.0 N/A N/A
32 7 1.2676475055204797 1.2246029025216536 1.7633087361255644 0.41559250267718806 -1.165577738121291 0.5393144240184657 -1.1179059635570532 -0.21494466016017189
32 8 1.1098859678576751 1.2728495132020208 -1.731118160609098 -0.7617560888114401 -1.7787899351733358 -0.007497004632802451 1.1500965390735196 -0.13121892597408014
32 9 1.2073510896326116 1.3592296451404493 -2.0845832843221554 -0.4168239414063093 1.7787899351733358 0.007497004632802451 1.165577738121291 -0.5393144240184657
32 10 1.2204009082965586 1.2867941685180084 -2.1849956845295146 -0.20932298933483207 1.641648277238481 0.07075066751449732 -1.0670897209724615 0.0056216708253398195
32 11 -1.0 N/A N/A
32 12 -1.0 N/A N/A
32 13 1.0260997459082628 2.079615769125967 3.2501610224434465 -0.12249048261215645 2.1322550588863933 -0.33743514277232833 2.0845832843221554 0.4168239414063093
32 14 0.9037256932228699 3.2882464469070576 4.776890102069691 -0.42134433885557243 3.658984138512638 -0.6362889990157443 3.6113123639484 0.11797008516289331
32 15 1.0117719783585672 1.6115964909106886 2.630149554489723 -0.0033295634775640792 2.016937357437678 -0.5501409921288323 -1.2332236650057684 -0.4276505095166758
33 1 -1.0 N/A N/A
33 3 1.7644922346357859 1.6110583457086534 -2.1322550588863933 0.33743514277232833 1.731118160609098 0.7617560888114401 1.8457508178724673 0.18984656173550096
33 5 -1.0 N/A N/A
33 7 1.2676475055204797 1.3394928386674985 -1.8457508178724673 -0.18984656173550096 1.7763511182466356 0.440690601101859 -1.185178183633047 0.5193621715107639
33 8 1.1098859678576751 1.3615305757697174 1.890983775510005 -0.13121892597408014 -1.731118160609098 -0.7617560888114401 1.2489763918666963 -0.552433099476608
33 9 1.3282220539968785 1.453677507496751 2.319521918236374 -0.4998857439114328 -1.5596040281200452 0.05587691904273928 1.185178183633047 -0.5193621715107639
33 10 -1.0 N/A N/A
33 12 -1.0 N/A N/A
33 13 1.0260997459082628 2.2192564401794863 3.8633732194954913 0.42432094603911175 2.7928276931258136 0.37177359047393654 2.1322550588863933 -0.33743514277232833
33 14 1.0383683877991263 2.8757342568679363 4.697506608972073 0.017267219739896866 3.6269610826023957 -0.035280135825278336 2.9663884483629754 -0.7444888690715432
33 15 1.0117719783585672 1.7487996927691292 2.630149554489723 -0.0033295634775640792 -2.0673570544823505 -0.020596783217460946 1.5596040281200452 -0.05587691904273928
34 3 1.7366031778069266 1.4270670216213568 2.0096728605350958 0.21231260914840888 1.482935323451109 0.789650496720971 -1.4280351413919625 0.7445803070584187
34 5 -1.0 N/A N/A
34 7 1.2676475055204797 1.1943700629592688 -2.3033642673237313 0.5517441255093409 1.134343734603327 0.019476427599331103 -0.8753291259317688 -0.19283618154907778
34 8 -1.0 N/A N/A
34 9 1.4836177049506687 1.239629328307161 -1.9065944512778312 -0.05003508891066133 1.531113550649227 -0.5823027868206712 1.0043760135652402 -0.004964899248109056
34 10 -1.0 N/A N/A
34 12 -1.0 N/A N/A
34 13 1.0260997459082615 2.1150746096896844 3.2617286080742005 -0.14758858103682737 2.8649587920283004 0.4541906333831749 2.3863994821424317 -0.34042476258590515
34 14 0.9595127526363797 2.834123604332368 4.174150483181304 -0.4425476293935926 3.7773806671354038 0.15923158502640966 3.298821357249535 -0.6353838109426704
34 15 0.8175930954810253 1.7600671471107159 2.3033642673237313 -0.5517441255093409 1.9065944512778312 0.05003508891066133 -1.8707862158575725 -0.10919649611574833
35 3 0.6354412696974069 1.3029647545153036 2.462001332645178 0.11959395537576967 1.1401649276149115 0.6969318429483318 -0.9195077029100869 0.6186138865121826
35 5 -1.0 N/A N/A
35 7 0.6457698862361024 1.229062268946954 -1.809983952286787 0.616156316656614 1.5715250832684777 0.117136385520201 -0.7546873353270289 0.6994391723408722
35 8 -1.0 N/A N/A
35 9 1.4836177049506687 1.2409656899781603 2.3262124185955066 -0.5823027868206712 -1.0552966169597582 -0.0832828556842582 0.7546873353270289 -0.6994391723408722
35 10 -1.0 N/A N/A
35 13 1.0260997459082615 2.415053088660181 3.6196461273553293 -0.24524853895769727 2.8649587920283004 0.4541906333831749 2.729169877978629 -0.24770610881326593
35 14 0.9595127526363797 3.141749030471791 4.532068002462433 -0.5402075873144625 3.7773806671354038 0.15923158502640966 3.6415917530857325 -0.5426651571700312
35 15 1.5757431012964784 1.5974476731684726 2.0596726305249984 0.07831795643614914 1.809983952286787 -0.616156316656614 -1.8096621750685422 -0.3709077776989167
36 3 1.4487070857610451 1.3630038257130068 2.456550321320419 0.02210922991077169 -1.7196457319235208 0.4955410050656859 1.062265753384187 0.5489541734058809
36 5 -1.0 N/A N/A
36 7 -1.0 N/A N/A
36 8 -1.0 N/A N/A
36 9 0.1971850274146354 1.4408572060036988 -2.238244589027797 -0.5096752757916532 1.6370518026637928 -0.08535432975254142 1.0917919428622511 -0.6294333226260038
36 10 -1.0 N/A N/A
36 13 1.0260997459082615 2.2017570338312544 3.3300365318900482 -0.11975804683435065 2.813030638307403 -0.12463322736676918 2.238244589027797 0.5096752757916532
36 14 0.4242676101478769 3.274744151116457 4.6870132494474355 -0.5052912372692413 4.17000735586479 -0.5101664178016598 3.5952213065851844 0.12414208535676252
36 15 0.0 1.7675375331405383 -2.4503616239412693 0.014625412735973953 2.236651625506166 -0.49066582453326735 1.7196457319235208 -0.4955410050656859
37 3 1.4487070857610451 1.6457191971355605 2.456550321320419 0.02210922991077169 1.8592189724547605 0.5489541734058809 -1.7196457319235208 0.4955410050656859
37 5 -1.0 N/A N/A
37 7 -1.0 N/A N/A
37 8 -1.0 N/A N/A
37 9 1.1623077421245698 1.6635791099312294 2.4166240297638737 -0.7005347015907191 1.819292680898215 -0.17368975809560983 -1.7595720234800662 -0.22710292643580487
37 10 -1.0 N/A N/A
37 13 1.0260997459082615 2.4862559371965394 4.132979031470075 -0.1375298214051499 2.8529569298639483 0.5980107041347216 2.813030638307403 -0.12463322736676918
37 14 0.4242676101478769 3.5584589461814575 5.489955749027462 -0.5230630118400406 4.209933647421336 0.21247751369983092 4.17000735586479 -0.5101664178016598
37 15 0.0 2.0501202231141087 3.039594125086193 -0.5084375991040666 -2.4503616239412693 0.014625412735973953 1.7196457319235208 -0.4955410050656859
38 3 -1.0 N/A N/A
38 7 -1.0 N/A N/A
38 8 -1.0 N/A N/A
38 9 -1.0 N/A N/A
38 10 -1.0 N/A N/A
38 13 1.0260997459082615 2.273077181885564 3.416701762785415 -0.1375298214051499 2.992551866847597 0.28738928520097584 2.346081076967316 -0.15200276117064426
38 14 1.0733215884029208 3.3533711719696435 4.7689966623430635 -0.4505839874864206 4.3448467664052455 -0.025664880880294838 3.6983759765249644 -0.46505692725191494
38 15 1.4618004707215597 1.8206834076127407 -2.5160731295076637 0.018239710146090715 2.2529235328354 -0.4323442773403299 1.8287736368975818 -0.007425170734204123
39 3 -1.0 N/A N/A
39 7 -1.0 N/A N/A
39 8 -1.0 N/A N/A
39 9 -1.0 N/A N/A
39 13 1.0260997459082615 2.097179444011481 3.4774082284214636 -0.13639591910881244 2.710552507535427 0.3625266599274548 1.6298038082826558 -0.15200276117064426
39 14 0.9595127526363778 3.230268827083249 4.898648613584914 -0.4258605378890623 4.131792892698877 0.07306204114720494 3.0510441934461063 -0.44146737995089413
39 15 1.2943512431911572 1.6683843069885242 -2.5685434155211837 -0.0023446418742363306 2.3301051980637304 -0.42820517976329864 1.5632494771776937 0.0707173992729686
40 3 -1.0 N/A N/A
40 7 -1.0 N/A N/A
40 8 -1.0 N/A N/A
40 9 -1.0 N/A N/A
40 13 1.0260997459082615 2.479402194867801 4.023878038550064 0.2822241109435195 2.710552507535427 0.3625266599274548 2.4726594600927783 -0.15200276117064426
40 14 0.9595127526363778 3.6091185432822592 5.445118423713515 -0.007240507836730359 4.131792892698877 0.07306204114720494 3.893899845256229 -0.44146737995089413
40 15 -1.0 N/A N/A
41 3 -1.0 N/A N/A
41 7 -1.0 N/A N/A
41 8 -1.0 N/A N/A
41 9 -1.0 N/A N/A
41 13 1.0260997459082615 2.2015127634423535 3.562863023538789 -0.1839163512935622 2.6921007074467713 0.39313838668565104 2.261883632445013 -0.16185565885818765
41 14 1.073321588402923 3.3283993153905413 4.97659170849294 -0.5075092889816641 4.105829392400922 0.06954544899754911 3.675612317399164 -0.4854485965462896
41 15 -1.0 N/A N/A
42 3 -1.0 N/A N/A
42 7 -1.0 N/A N/A
42 9 -1.0 N/A N/A
42 13 1.0260997459082615 2.6607434216165324 4.0046426729182265 0.008271007887530324 3.52221066202074 0.38018607107536884 2.8583583539711395 -0.18883260895854015
42 14 1.073321588402923 3.7854736839362175 5.418371357872378 -0.3153219298005716 4.935939346974891 0.0565931333872669 4.2720870389252905 -0.5124255466466421
42 15 -1.0 N/A N/A
43 3 -1.0 N/A N/A
43 9 -1.0 N/A N/A
43 13 1.0260997459082615 2.167696632312402 3.386191622914989 0.1917298162550365 2.1420810852864793 -0.18883260895854015
43 14 0.9595127526363797 3.2770782100845532 4.869070626575121 -0.16052694422792158 3.6249600889466116 -0.5410893694414982
43 15 -1.0 N/A N/A
44 9 -1.0 N/A N/A
44 13 1.0260997459082615 1.9739478196965958 2.9092950723048876 0.07777032222639946 2.071604672896447 0.3752291095217828
44 14 0.9595127526363759 2.5224800472095477 3.7444127742891897 -0.2740390266413124 2.906722374880749 0.02341976065407092
44 15 -1.0 N/A N/A
45 9 -1.0 N/A N/A
45 13 -1.0 N/A N/A
45 14 0.9595127526363759 2.917937759487509 4.239532200067153 -0.3764379558374955 2.906722374880749 0.02341976065407092
45 15 -1.0 N/A N/A
46 13 -1.0 N/A N/A
46 14 1.0733215884029141 2.303206343307478 3.0355221312647185 0.029756393560209204
46 15 -1.0 N/A N/A
47 13 -1.0 N/A N/A
47 14 1.0733215884029141 2.482854128151682 3.3906040728416276 -0.1719926994418186
47 15 -1.0 N/A N/A
48 13 -1.0 N/A N/A
48 14 -1.0 N/A N/A
49 13 -1.0 N/A N/A
49 14 -1.0 N/A N/A
50 13 -1.0 N/A N/A
50 14 -1.0 N/A N/A
51 13 -1.0 N/A N/A
51 14 -1.0 N/A N/A
52 13 -1.0 N/A N/A
52 14 -1.0 N/A N/A
53 14 -1.0 N/A N/A
54 14 -1.0 N/A N/A
